--------------------------------------------------
plp default
scoring/sclite/dev03sub_plp-bg_decode.ctm.filt.sys:| Sum/Avg                    |   94    5022 | 87.2    9.7    3.1    2.8   15.6   92.6 | -0.831 |
scoring/sclite/dev03sub_plp-bg_decode-grph-hybrid.ctm.filt.sys:| Sum/Avg                    |   94    5000 |  0.4    0.0   99.6    0.0   99.6   96.8 |
scoring/sclite/dev03sub_plp-bg_decode-grph-plp.ctm.filt.sys:| Sum/Avg                    |   94    5000 |  0.4    0.0   99.6    0.0   99.6   96.8 |
scoring/sclite/dev03sub_plp-bg_decode-grph-tandem.ctm.filt.sys:| Sum/Avg                    |   94    5000 |  0.4    0.0   99.6    0.0   99.6   96.8 |
scoring/sclite/dev03sub_plp-bg_decode-hybrid.ctm.filt.sys:| Sum/Avg                    |   94    5000 |  0.4    0.0   99.6    0.0   99.6   96.8 |
scoring/sclite/dev03sub_plp-bg_decode-tandem.ctm.filt.sys:| Sum/Avg                    |   94    5000 |  0.4    0.0   99.6    0.0   99.6   96.8 |
--------------------------------------------------
grph-plp default
| Sum/Avg                    |   94    5023 | 86.6   10.2    3.1    2.8   16.1   91.5 | -0.785 |
--------------------------------------------------
tandem default
| Sum/Avg                    |   94    5023 | 86.5   11.3    2.2    3.8   17.3   93.6 | -0.646 |
--------------------------------------------------
grph-tandem default
| Sum/Avg                    |   94    5023 | 86.7   11.2    2.1    2.9   16.2   93.6 | -0.709 |
--------------------------------------------------
plp 250.0
| Sum/Avg                    |   94    5022 | 87.2    9.7    3.1    2.8   15.6   92.6 | -0.831 |
--------------------------------------------------
grph-plp 250.0
| Sum/Avg                    |   94    5023 | 86.6   10.2    3.1    2.8   16.1   91.5 | -0.785 |
--------------------------------------------------
tandem 250.0
| Sum/Avg                    |   94    5023 | 86.4   11.3    2.3    3.9   17.5   93.6 | -0.639 |
--------------------------------------------------
grph-tandem 250.0
| Sum/Avg                    |   94    5023 | 86.7   11.3    2.1    2.9   16.2   93.6 | -0.702 |
--------------------------------------------------
plp 400.0
| Sum/Avg                    |   94    5022 | 87.2    9.7    3.1    2.8   15.6   92.6 | -0.831 |
--------------------------------------------------
grph-plp 400.0
| Sum/Avg                    |   94    5023 | 86.7   10.2    3.1    2.7   16.1   90.4 | -0.787 |
--------------------------------------------------
tandem 400.0
| Sum/Avg                    |   94    5023 | 86.5   11.3    2.2    3.8   17.3   93.6 | -0.646 |
--------------------------------------------------
grph-tandem 400.0
| Sum/Avg                    |   94    5023 | 86.7   11.2    2.1    2.9   16.2   93.6 | -0.709 |
--------------------------------------------------
plp 500.0
| Sum/Avg                    |   94    5022 | 87.2    9.7    3.1    2.8   15.6   92.6 | -0.831 |
--------------------------------------------------
grph-plp 500.0
| Sum/Avg                    |   94    5023 | 86.7   10.2    3.1    2.7   16.1   90.4 | -0.787 |
--------------------------------------------------
tandem 500.0
| Sum/Avg                    |   94    5023 | 86.5   11.3    2.2    3.8   17.3   93.6 | -0.646 |
--------------------------------------------------
grph-tandem 500.0
| Sum/Avg                    |   94    5023 | 86.7   11.2    2.1    2.9   16.2   93.6 | -0.707 |
--------------------------------------------------
plp 600.0
| Sum/Avg                    |   94    5022 | 87.2    9.7    3.0    2.7   15.5   92.6 | -0.833 |
--------------------------------------------------
grph-plp 600.0
| Sum/Avg                    |   94    5023 | 86.7   10.2    3.1    2.7   16.1   90.4 | -0.787 |
--------------------------------------------------
tandem 600.0
| Sum/Avg                    |   94    5023 | 86.5   11.3    2.2    3.8   17.3   93.6 | -0.646 |
--------------------------------------------------
grph-tandem 600.0
| Sum/Avg                    |   94    5023 | 86.7   11.2    2.1    2.9   16.2   93.6 | -0.707 |
--------------------------------------------------
plp 1000.0
| Sum/Avg                    |   94    5022 | 87.2    9.7    3.0    2.7   15.5   92.6 | -0.833 |
--------------------------------------------------
grph-plp 1000.0
| Sum/Avg                    |   94    5023 | 86.7   10.2    3.1    2.7   16.1   90.4 | -0.787 |
--------------------------------------------------
tandem 1000.0
| Sum/Avg                    |   94    5023 | 86.5   11.3    2.2    3.8   17.3   93.6 | -0.646 |
--------------------------------------------------
grph-tandem 1000.0
| Sum/Avg                    |   94    5023 | 86.7   11.2    2.1    2.9   16.2   93.6 | -0.707 |
--------------------------------------------------
plp 2000.0
| Sum/Avg                    |   94    5022 | 87.2    9.7    3.0    2.7   15.5   92.6 | -0.833 |
--------------------------------------------------
grph-plp 2000.0
| Sum/Avg                    |   94    5023 | 86.7   10.2    3.1    2.7   16.1   90.4 | -0.787 |
--------------------------------------------------
tandem 2000.0
| Sum/Avg                    |   94    5023 | 86.5   11.3    2.2    3.8   17.3   93.6 | -0.648 |
--------------------------------------------------
grph-tandem 2000.0
| Sum/Avg                    |   94    5023 | 86.7   11.2    2.1    2.9   16.2   93.6 | -0.707 |
--------------------------------------------------
plp 4000.0
| Sum/Avg                    |   94    5022 | 87.2    9.7    3.0    2.7   15.5   92.6 | -0.833 |
--------------------------------------------------
grph-plp 4000.0
| Sum/Avg                    |   94    5023 | 86.7   10.2    3.1    2.7   16.1   90.4 | -0.787 |
--------------------------------------------------
tandem 4000.0
| Sum/Avg                    |   94    5023 | 86.5   11.3    2.2    3.8   17.3   93.6 | -0.648 |
--------------------------------------------------
grph-tandem 4000.0
| Sum/Avg                    |   94    5023 | 86.7   11.2    2.1    2.9   16.2   93.6 | -0.707 |
--------------------------------------------------
plp default
scoring/sclite/dev03sub_plp-bg_decode.ctm.filt.sys:| Sum/Avg                    |   94    5022 | 87.2    9.7    3.1    2.8   15.6   92.6 | -0.831 |
scoring/sclite/dev03sub_plp-bg_decode-grph-hybrid.ctm.filt.sys:| Sum/Avg                    |   94    5000 |  0.4    0.0   99.6    0.0   99.6   96.8 |
scoring/sclite/dev03sub_plp-bg_decode-grph-plp.ctm.filt.sys:| Sum/Avg                    |   94    5000 |  0.4    0.0   99.6    0.0   99.6   96.8 |
scoring/sclite/dev03sub_plp-bg_decode-grph-tandem.ctm.filt.sys:| Sum/Avg                    |   94    5000 |  0.4    0.0   99.6    0.0   99.6   96.8 |
scoring/sclite/dev03sub_plp-bg_decode-hybrid.ctm.filt.sys:| Sum/Avg                    |   94    5000 |  0.4    0.0   99.6    0.0   99.6   96.8 |
scoring/sclite/dev03sub_plp-bg_decode-tandem.ctm.filt.sys:| Sum/Avg                    |   94    5000 |  0.4    0.0   99.6    0.0   99.6   96.8 |
--------------------------------------------------
grph-plp default
| Sum/Avg                    |   94    5023 | 86.3   10.6    3.1    2.7   16.4   90.4 | -0.764 |
--------------------------------------------------
tandem default
| Sum/Avg                    |   94    5023 | 86.1   11.7    2.2    4.1   18.0   93.6 | -0.604 |
--------------------------------------------------
grph-tandem default
| Sum/Avg                    |   94    5023 | 85.9   12.1    2.0    3.1   17.2   94.7 | -0.634 |
--------------------------------------------------
plp 250.0
| Sum/Avg                    |   94    5022 | 87.2    9.7    3.1    2.8   15.6   92.6 | -0.831 |
--------------------------------------------------
grph-plp 250.0
| Sum/Avg                    |   94    5023 | 86.3   10.6    3.1    2.7   16.4   90.4 | -0.764 |
--------------------------------------------------
tandem 250.0
| Sum/Avg                    |   94    5023 | 86.0   11.7    2.2    4.1   18.0   93.6 | -0.601 |
--------------------------------------------------
grph-tandem 250.0
| Sum/Avg                    |   94    5022 | 85.7   12.2    2.1    3.1   17.4   94.7 | -0.626 |
--------------------------------------------------
plp 400.0
| Sum/Avg                    |   94    5022 | 87.2    9.7    3.1    2.8   15.6   92.6 | -0.831 |
--------------------------------------------------
grph-plp 400.0
| Sum/Avg                    |   94    5023 | 86.3   10.6    3.1    2.7   16.4   90.4 | -0.764 |
--------------------------------------------------
tandem 400.0
| Sum/Avg                    |   94    5023 | 86.1   11.7    2.2    4.1   18.0   93.6 | -0.604 |
--------------------------------------------------
grph-tandem 400.0
| Sum/Avg                    |   94    5023 | 85.9   12.1    2.0    3.1   17.2   94.7 | -0.634 |
--------------------------------------------------
plp 500.0
| Sum/Avg                    |   94    5022 | 87.2    9.7    3.1    2.8   15.6   92.6 | -0.831 |
--------------------------------------------------
grph-plp 500.0
| Sum/Avg                    |   94    5023 | 86.3   10.6    3.1    2.7   16.4   90.4 | -0.764 |
--------------------------------------------------
tandem 500.0
| Sum/Avg                    |   94    5023 | 86.1   11.7    2.2    4.1   18.0   93.6 | -0.604 |
--------------------------------------------------
grph-tandem 500.0
| Sum/Avg                    |   94    5023 | 85.9   12.1    2.0    3.1   17.2   94.7 | -0.632 |
--------------------------------------------------
plp 600.0
| Sum/Avg                    |   94    5022 | 87.2    9.7    3.0    2.7   15.5   92.6 | -0.833 |
--------------------------------------------------
grph-plp 600.0
| Sum/Avg                    |   94    5023 | 86.3   10.6    3.1    2.7   16.4   90.4 | -0.764 |
--------------------------------------------------
tandem 600.0
| Sum/Avg                    |   94    5023 | 86.1   11.7    2.2    4.1   18.0   93.6 | -0.604 |
--------------------------------------------------
grph-tandem 600.0
| Sum/Avg                    |   94    5023 | 85.9   12.1    2.0    3.1   17.2   94.7 | -0.632 |
--------------------------------------------------
plp 1000.0
| Sum/Avg                    |   94    5022 | 87.2    9.7    3.0    2.7   15.5   92.6 | -0.833 |
--------------------------------------------------
grph-plp 1000.0
| Sum/Avg                    |   94    5023 | 86.3   10.6    3.1    2.7   16.4   90.4 | -0.764 |
--------------------------------------------------
tandem 1000.0
| Sum/Avg                    |   94    5023 | 86.1   11.7    2.2    4.1   18.0   93.6 | -0.604 |
--------------------------------------------------
grph-tandem 1000.0
| Sum/Avg                    |   94    5023 | 85.9   12.1    2.0    3.1   17.2   94.7 | -0.632 |
--------------------------------------------------
plp 2000.0
| Sum/Avg                    |   94    5022 | 87.2    9.7    3.0    2.7   15.5   92.6 | -0.833 |
--------------------------------------------------
grph-plp 2000.0
| Sum/Avg                    |   94    5023 | 86.3   10.6    3.1    2.7   16.4   90.4 | -0.764 |
--------------------------------------------------
tandem 2000.0
| Sum/Avg                    |   94    5023 | 86.1   11.7    2.2    4.1   18.0   93.6 | -0.604 |
--------------------------------------------------
grph-tandem 2000.0
| Sum/Avg                    |   94    5023 | 85.9   12.1    2.0    3.1   17.2   94.7 | -0.632 |
--------------------------------------------------
plp 4000.0
| Sum/Avg                    |   94    5022 | 87.2    9.7    3.0    2.7   15.5   92.6 | -0.833 |
--------------------------------------------------
grph-plp 4000.0
| Sum/Avg                    |   94    5023 | 86.3   10.6    3.1    2.7   16.4   90.4 | -0.764 |
--------------------------------------------------
tandem 4000.0
| Sum/Avg                    |   94    5023 | 86.1   11.7    2.2    4.1   18.0   93.6 | -0.604 |
--------------------------------------------------
grph-tandem 4000.0
| Sum/Avg                    |   94    5023 | 85.9   12.1    2.0    3.1   17.2   94.7 | -0.632 |
--------------------------------------------------

