0.3 0.2 0.5 plp-plp sys1
| Sum/Avg            |    9   4346 | 61.9   22.5   15.6    2.9   41.0  100.0 |  0.276 |
0.3 0.4 0.5 plp-plp sys1
| Sum/Avg            |    9   4346 | 61.5   22.1   16.3    2.7   41.2  100.0 |  0.282 |
0.3 0.7 0.5 plp-plp sys1
| Sum/Avg            |    9   4346 | 61.4   22.0   16.6    2.7   41.3  100.0 |  0.282 |
0.3 0.9 0.5 plp-plp sys1
| Sum/Avg            |    9   4346 | 61.4   22.0   16.6    2.7   41.3  100.0 |  0.282 |
0.5 0.2 0.5 plp-plp sys1
| Sum/Avg            |    9   4346 | 63.1   21.6   15.3    2.9   39.8  100.0 |  0.260 |
0.5 0.4 0.5 plp-plp sys1
| Sum/Avg            |    9   4346 | 62.5   21.1   16.5    2.7   40.2  100.0 |  0.265 |
0.5 0.7 0.5 plp-plp sys1
| Sum/Avg            |    9   4346 | 62.4   21.0   16.7    2.7   40.3  100.0 |  0.265 |
0.5 0.9 0.5 plp-plp sys1
| Sum/Avg            |    9   4346 | 62.4   21.0   16.7    2.7   40.3  100.0 |  0.265 |
0.6 0.2 0.5 plp-plp sys1
| Sum/Avg            |    9   4346 | 63.4   20.6   16.0    2.7   39.3  100.0 |  0.246 |
0.6 0.4 0.5 plp-plp sys1
| Sum/Avg            |    9   4346 | 63.0   19.9   17.1    2.6   39.6  100.0 |  0.246 |
0.6 0.7 0.5 plp-plp sys1
| Sum/Avg            |    9   4346 | 62.6   19.9   17.4    2.5   39.9  100.0 |  0.250 |
0.6 0.9 0.5 plp-plp sys1
| Sum/Avg            |    9   4346 | 62.6   19.9   17.4    2.5   39.9  100.0 |  0.250 |
0.8 0.2 0.5 plp-plp sys1
| Sum/Avg            |    9   4346 | 63.8   19.9   16.3    2.7   38.9  100.0 |  0.239 |
0.8 0.4 0.5 plp-plp sys1
| Sum/Avg            |    9   4346 | 63.5   19.6   16.9    2.6   39.0  100.0 |  0.239 |
0.8 0.7 0.5 plp-plp sys1
| Sum/Avg            |    9   4346 | 62.9   19.4   17.7    2.5   39.6  100.0 |  0.243 |
0.8 0.9 0.5 plp-plp sys1
| Sum/Avg            |    9   4346 | 62.9   19.4   17.7    2.5   39.6  100.0 |  0.243 |
0.3 0.2 0.5 plp-grph-plp sys1
| Sum/Avg            |    9   4346 | 62.1   21.7   16.2    2.9   40.8  100.0 |  0.277 |
0.3 0.4 0.5 plp-grph-plp sys1
| Sum/Avg            |    9   4346 | 61.8   21.3   16.9    2.8   41.0  100.0 |  0.281 |
0.3 0.7 0.5 plp-grph-plp sys1
| Sum/Avg            |    9   4346 | 61.8   21.1   17.2    2.8   41.0  100.0 |  0.281 |
0.3 0.9 0.5 plp-grph-plp sys1
| Sum/Avg            |    9   4346 | 61.8   21.1   17.2    2.8   41.0  100.0 |  0.281 |
0.5 0.2 0.5 plp-grph-plp sys1
| Sum/Avg            |    9   4346 | 63.3   21.0   15.6    2.9   39.5  100.0 |  0.257 |
0.5 0.4 0.5 plp-grph-plp sys1
| Sum/Avg            |    9   4346 | 62.6   20.4   17.0    2.7   40.1  100.0 |  0.263 |
0.5 0.7 0.5 plp-grph-plp sys1
| Sum/Avg            |    9   4346 | 62.6   20.2   17.2    2.7   40.1  100.0 |  0.262 |
0.5 0.9 0.5 plp-grph-plp sys1
| Sum/Avg            |    9   4346 | 62.6   20.2   17.2    2.7   40.1  100.0 |  0.262 |
0.6 0.2 0.5 plp-grph-plp sys1
| Sum/Avg            |    9   4346 | 63.7   20.3   16.0    2.8   39.1  100.0 |  0.246 |
0.6 0.4 0.5 plp-grph-plp sys1
| Sum/Avg            |    9   4346 | 63.2   19.5   17.3    2.6   39.5  100.0 |  0.246 |
0.6 0.7 0.5 plp-grph-plp sys1
| Sum/Avg            |    9   4346 | 62.9   19.4   17.7    2.6   39.7  100.0 |  0.248 |
0.6 0.9 0.5 plp-grph-plp sys1
| Sum/Avg            |    9   4346 | 62.9   19.4   17.7    2.6   39.7  100.0 |  0.248 |
0.8 0.2 0.5 plp-grph-plp sys1
| Sum/Avg            |    9   4346 | 63.9   19.7   16.4    2.7   38.8  100.0 |  0.240 |
0.8 0.4 0.5 plp-grph-plp sys1
| Sum/Avg            |    9   4346 | 63.6   19.2   17.2    2.6   39.0  100.0 |  0.239 |
0.8 0.7 0.5 plp-grph-plp sys1
| Sum/Avg            |    9   4346 | 63.0   18.9   18.1    2.6   39.6  100.0 |  0.243 |
0.8 0.9 0.5 plp-grph-plp sys1
| Sum/Avg            |    9   4346 | 63.0   18.9   18.1    2.6   39.6  100.0 |  0.243 |
0.3 0.2 0.5 plp-tandem sys1
| Sum/Avg            |    9   4346 | 64.2   21.7   14.1    3.2   38.9  100.0 |  0.268 |
0.3 0.4 0.5 plp-tandem sys1
| Sum/Avg            |    9   4346 | 64.1   21.2   14.7    3.0   39.0  100.0 |  0.269 |
0.3 0.7 0.5 plp-tandem sys1
| Sum/Avg            |    9   4346 | 63.9   20.9   15.2    3.0   39.1  100.0 |  0.269 |
0.3 0.9 0.5 plp-tandem sys1
| Sum/Avg            |    9   4346 | 63.9   20.9   15.2    3.0   39.1  100.0 |  0.269 |
0.5 0.2 0.5 plp-tandem sys1
| Sum/Avg            |    9   4346 | 64.3   21.5   14.2    3.1   38.7  100.0 |  0.274 |
0.5 0.4 0.5 plp-tandem sys1
| Sum/Avg            |    9   4346 | 64.1   21.0   14.9    2.9   38.8  100.0 |  0.272 |
0.5 0.7 0.5 plp-tandem sys1
| Sum/Avg            |    9   4346 | 64.0   20.8   15.2    2.9   38.9  100.0 |  0.273 |
0.5 0.9 0.5 plp-tandem sys1
| Sum/Avg            |    9   4346 | 64.0   20.8   15.2    2.9   38.9  100.0 |  0.273 |
0.6 0.2 0.5 plp-tandem sys1
| Sum/Avg            |    9   4346 | 64.3   20.5   15.2    2.9   38.6  100.0 |  0.259 |
0.6 0.4 0.5 plp-tandem sys1
| Sum/Avg            |    9   4346 | 64.0   19.9   16.1    2.9   38.9  100.0 |  0.257 |
0.6 0.7 0.5 plp-tandem sys1
| Sum/Avg            |    9   4346 | 64.0   19.7   16.3    2.9   38.9  100.0 |  0.257 |
0.6 0.9 0.5 plp-tandem sys1
| Sum/Avg            |    9   4346 | 64.0   19.7   16.3    2.9   38.9  100.0 |  0.257 |
0.8 0.2 0.5 plp-tandem sys1
| Sum/Avg            |    9   4346 | 64.2   19.9   16.0    2.8   38.7  100.0 |  0.255 |
0.8 0.4 0.5 plp-tandem sys1
| Sum/Avg            |    9   4346 | 64.1   19.6   16.3    2.8   38.7  100.0 |  0.253 |
0.8 0.7 0.5 plp-tandem sys1
| Sum/Avg            |    9   4346 | 63.9   19.4   16.6    2.7   38.8  100.0 |  0.252 |
0.8 0.9 0.5 plp-tandem sys1
| Sum/Avg            |    9   4346 | 63.9   19.4   16.6    2.7   38.8  100.0 |  0.252 |
0.3 0.2 0.5 plp-grph-tandem sys1
| Sum/Avg            |    9   4346 | 63.9   21.5   14.6    3.0   39.2  100.0 |  0.277 |
0.3 0.4 0.5 plp-grph-tandem sys1
| Sum/Avg            |    9   4346 | 63.8   20.9   15.3    3.1   39.3  100.0 |  0.276 |
0.3 0.7 0.5 plp-grph-tandem sys1
| Sum/Avg            |    9   4346 | 63.7   20.7   15.6    3.1   39.4  100.0 |  0.276 |
0.3 0.9 0.5 plp-grph-tandem sys1
| Sum/Avg            |    9   4346 | 63.7   20.7   15.6    3.1   39.4  100.0 |  0.276 |
0.5 0.2 0.5 plp-grph-tandem sys1
| Sum/Avg            |    9   4346 | 64.3   21.2   14.5    3.0   38.7  100.0 |  0.270 |
0.5 0.4 0.5 plp-grph-tandem sys1
| Sum/Avg            |    9   4346 | 64.0   20.6   15.4    2.9   39.0  100.0 |  0.269 |
0.5 0.7 0.5 plp-grph-tandem sys1
| Sum/Avg            |    9   4346 | 63.9   20.6   15.5    2.9   39.0  100.0 |  0.270 |
0.5 0.9 0.5 plp-grph-tandem sys1
| Sum/Avg            |    9   4346 | 63.9   20.6   15.5    2.9   39.0  100.0 |  0.270 |
0.6 0.2 0.5 plp-grph-tandem sys1
| Sum/Avg            |    9   4346 | 64.2   20.6   15.1    2.8   38.6  100.0 |  0.264 |
0.6 0.4 0.5 plp-grph-tandem sys1
| Sum/Avg            |    9   4346 | 63.9   20.1   16.0    2.8   38.8  100.0 |  0.263 |
0.6 0.7 0.5 plp-grph-tandem sys1
| Sum/Avg            |    9   4346 | 63.8   20.0   16.2    2.8   39.0  100.0 |  0.264 |
0.6 0.9 0.5 plp-grph-tandem sys1
| Sum/Avg            |    9   4346 | 63.8   20.0   16.2    2.8   39.0  100.0 |  0.264 |
0.8 0.2 0.5 plp-grph-tandem sys1
| Sum/Avg            |    9   4346 | 64.2   20.0   15.8    2.7   38.4  100.0 |  0.256 |
0.8 0.4 0.5 plp-grph-tandem sys1
| Sum/Avg            |    9   4346 | 64.2   19.7   16.2    2.6   38.5  100.0 |  0.253 |
0.8 0.7 0.5 plp-grph-tandem sys1
| Sum/Avg            |    9   4346 | 63.9   19.5   16.6    2.6   38.7  100.0 |  0.254 |
0.8 0.9 0.5 plp-grph-tandem sys1
| Sum/Avg            |    9   4346 | 63.9   19.5   16.6    2.6   38.7  100.0 |  0.254 |
0.3 0.2 0.5 plp-hybrid sys1
| Sum/Avg            |    9   4346 | 64.3   21.0   14.6    3.0   38.7  100.0 |  0.266 |
0.3 0.4 0.5 plp-hybrid sys1
| Sum/Avg            |    9   4346 | 64.1   20.8   15.1    2.9   38.9  100.0 |  0.268 |
0.3 0.7 0.5 plp-hybrid sys1
| Sum/Avg            |    9   4346 | 64.0   20.5   15.5    2.9   38.9  100.0 |  0.270 |
0.3 0.9 0.5 plp-hybrid sys1
| Sum/Avg            |    9   4346 | 64.0   20.5   15.5    2.9   38.9  100.0 |  0.270 |
0.5 0.2 0.5 plp-hybrid sys1
| Sum/Avg            |    9   4346 | 64.5   21.0   14.5    3.0   38.5  100.0 |  0.268 |
0.5 0.4 0.5 plp-hybrid sys1
| Sum/Avg            |    9   4346 | 64.2   20.6   15.2    2.9   38.7  100.0 |  0.270 |
0.5 0.7 0.5 plp-hybrid sys1
| Sum/Avg            |    9   4346 | 64.1   20.4   15.5    2.9   38.8  100.0 |  0.269 |
0.5 0.9 0.5 plp-hybrid sys1
| Sum/Avg            |    9   4346 | 64.1   20.4   15.5    2.9   38.8  100.0 |  0.269 |
0.6 0.2 0.5 plp-hybrid sys1
| Sum/Avg            |    9   4346 | 64.3   20.2   15.5    2.9   38.6  100.0 |  0.262 |
0.6 0.4 0.5 plp-hybrid sys1
| Sum/Avg            |    9   4346 | 64.0   19.8   16.2    2.7   38.7  100.0 |  0.263 |
0.6 0.7 0.5 plp-hybrid sys1
| Sum/Avg            |    9   4346 | 63.9   19.7   16.4    2.7   38.8  100.0 |  0.264 |
0.6 0.9 0.5 plp-hybrid sys1
| Sum/Avg            |    9   4346 | 63.9   19.7   16.4    2.7   38.8  100.0 |  0.264 |
0.8 0.2 0.5 plp-hybrid sys1
| Sum/Avg            |    9   4346 | 64.2   19.8   16.0    2.8   38.6  100.0 |  0.259 |
0.8 0.4 0.5 plp-hybrid sys1
| Sum/Avg            |    9   4346 | 64.1   19.5   16.4    2.8   38.7  100.0 |  0.257 |
0.8 0.7 0.5 plp-hybrid sys1
| Sum/Avg            |    9   4346 | 63.9   19.4   16.7    2.7   38.8  100.0 |  0.258 |
0.8 0.9 0.5 plp-hybrid sys1
| Sum/Avg            |    9   4346 | 63.9   19.4   16.7    2.7   38.8  100.0 |  0.258 |
0.3 0.2 0.5 plp-grph-hybrid sys1
| Sum/Avg            |    9   4346 | 64.5   21.0   14.5    3.0   38.5  100.0 |  0.257 |
0.3 0.4 0.5 plp-grph-hybrid sys1
| Sum/Avg            |    9   4346 | 64.5   21.0   14.5    3.0   38.5  100.0 |  0.257 |
0.3 0.7 0.5 plp-grph-hybrid sys1
| Sum/Avg            |    9   4346 | 64.5   21.0   14.5    3.0   38.5  100.0 |  0.257 |
0.3 0.9 0.5 plp-grph-hybrid sys1
| Sum/Avg            |    9   4346 | 64.5   21.0   14.5    3.0   38.5  100.0 |  0.257 |
0.5 0.2 0.5 plp-grph-hybrid sys1
| Sum/Avg            |    9   4346 | 64.5   21.0   14.5    3.0   38.5  100.0 |  0.256 |
0.5 0.4 0.5 plp-grph-hybrid sys1
| Sum/Avg            |    9   4346 | 64.5   21.0   14.5    3.0   38.5  100.0 |  0.256 |
0.5 0.7 0.5 plp-grph-hybrid sys1
| Sum/Avg            |    9   4346 | 64.5   21.0   14.5    3.0   38.5  100.0 |  0.256 |
0.5 0.9 0.5 plp-grph-hybrid sys1
| Sum/Avg            |    9   4346 | 64.5   21.0   14.5    3.0   38.5  100.0 |  0.256 |
0.6 0.2 0.5 plp-grph-hybrid sys1
| Sum/Avg            |    9   4346 | 64.3   20.3   15.4    2.9   38.6  100.0 |  0.252 |
0.6 0.4 0.5 plp-grph-hybrid sys1
| Sum/Avg            |    9   4346 | 64.3   20.3   15.4    2.9   38.6  100.0 |  0.252 |
0.6 0.7 0.5 plp-grph-hybrid sys1
| Sum/Avg            |    9   4346 | 64.3   20.3   15.4    2.9   38.6  100.0 |  0.252 |
0.6 0.9 0.5 plp-grph-hybrid sys1
| Sum/Avg            |    9   4346 | 64.3   20.3   15.4    2.9   38.6  100.0 |  0.252 |
0.8 0.2 0.5 plp-grph-hybrid sys1
| Sum/Avg            |    9   4346 | 64.3   20.3   15.4    2.9   38.6  100.0 |  0.252 |
0.8 0.4 0.5 plp-grph-hybrid sys1
| Sum/Avg            |    9   4346 | 64.3   20.3   15.4    2.9   38.6  100.0 |  0.252 |
0.8 0.7 0.5 plp-grph-hybrid sys1
| Sum/Avg            |    9   4346 | 64.3   20.3   15.4    2.9   38.6  100.0 |  0.252 |
0.8 0.9 0.5 plp-grph-hybrid sys1
| Sum/Avg            |    9   4346 | 64.3   20.3   15.4    2.9   38.6  100.0 |  0.252 |
0.3 0.2 0.5 grph-plp-plp sys1
| Sum/Avg            |    9   4346 | 61.5   23.1   15.4    2.7   41.3  100.0 |  0.303 |
0.3 0.4 0.5 grph-plp-plp sys1
| Sum/Avg            |    9   4346 | 60.8   22.2   17.0    2.4   41.6  100.0 |  0.309 |
0.3 0.7 0.5 grph-plp-plp sys1
| Sum/Avg            |    9   4346 | 60.8   22.0   17.2    2.4   41.6  100.0 |  0.309 |
0.3 0.9 0.5 grph-plp-plp sys1
| Sum/Avg            |    9   4346 | 60.8   22.0   17.2    2.4   41.6  100.0 |  0.309 |
0.5 0.2 0.5 grph-plp-plp sys1
| Sum/Avg            |    9   4346 | 63.2   21.5   15.3    2.8   39.5  100.0 |  0.272 |
0.5 0.4 0.5 grph-plp-plp sys1
| Sum/Avg            |    9   4346 | 62.1   20.7   17.2    2.4   40.2  100.0 |  0.282 |
0.5 0.7 0.5 grph-plp-plp sys1
| Sum/Avg            |    9   4346 | 62.1   20.6   17.3    2.4   40.3  100.0 |  0.283 |
0.5 0.9 0.5 grph-plp-plp sys1
| Sum/Avg            |    9   4346 | 62.1   20.6   17.3    2.4   40.3  100.0 |  0.283 |
0.6 0.2 0.5 grph-plp-plp sys1
| Sum/Avg            |    9   4346 | 63.8   20.8   15.4    2.7   39.0  100.0 |  0.260 |
0.6 0.4 0.5 grph-plp-plp sys1
| Sum/Avg            |    9   4346 | 63.1   20.1   16.8    2.5   39.4  100.0 |  0.264 |
0.6 0.7 0.5 grph-plp-plp sys1
| Sum/Avg            |    9   4346 | 62.6   19.9   17.4    2.4   39.8  100.0 |  0.268 |
0.6 0.9 0.5 grph-plp-plp sys1
| Sum/Avg            |    9   4346 | 62.6   19.9   17.4    2.4   39.8  100.0 |  0.268 |
0.8 0.2 0.5 grph-plp-plp sys1
| Sum/Avg            |    9   4346 | 63.8   19.6   16.6    2.7   38.9  100.0 |  0.247 |
0.8 0.4 0.5 grph-plp-plp sys1
| Sum/Avg            |    9   4346 | 63.4   18.9   17.6    2.5   39.1  100.0 |  0.244 |
0.8 0.7 0.5 grph-plp-plp sys1
| Sum/Avg            |    9   4346 | 62.5   18.6   18.9    2.4   39.9  100.0 |  0.252 |
0.8 0.9 0.5 grph-plp-plp sys1
| Sum/Avg            |    9   4346 | 62.5   18.6   18.9    2.4   39.9  100.0 |  0.252 |
0.3 0.2 0.5 grph-plp-grph-plp sys1
| Sum/Avg            |    9   4346 | 60.7   23.3   16.0    2.9   42.2  100.0 |  0.305 |
0.3 0.4 0.5 grph-plp-grph-plp sys1
| Sum/Avg            |    9   4346 | 60.1   22.3   17.6    2.5   42.4  100.0 |  0.310 |
0.3 0.7 0.5 grph-plp-grph-plp sys1
| Sum/Avg            |    9   4346 | 59.9   21.8   18.2    2.5   42.5  100.0 |  0.310 |
0.3 0.9 0.5 grph-plp-grph-plp sys1
| Sum/Avg            |    9   4346 | 59.9   21.8   18.2    2.5   42.5  100.0 |  0.310 |
0.5 0.2 0.5 grph-plp-grph-plp sys1
| Sum/Avg            |    9   4346 | 63.1   21.6   15.4    3.0   39.9  100.0 |  0.273 |
0.5 0.4 0.5 grph-plp-grph-plp sys1
| Sum/Avg            |    9   4346 | 61.4   20.7   17.9    2.5   41.0  100.0 |  0.292 |
0.5 0.7 0.5 grph-plp-grph-plp sys1
| Sum/Avg            |    9   4346 | 61.4   20.4   18.2    2.5   41.1  100.0 |  0.290 |
0.5 0.9 0.5 grph-plp-grph-plp sys1
| Sum/Avg            |    9   4346 | 61.4   20.4   18.2    2.5   41.1  100.0 |  0.290 |
0.6 0.2 0.5 grph-plp-grph-plp sys1
| Sum/Avg            |    9   4346 | 63.9   20.8   15.3    3.1   39.2  100.0 |  0.259 |
0.6 0.4 0.5 grph-plp-grph-plp sys1
| Sum/Avg            |    9   4346 | 62.7   19.8   17.5    2.6   39.9  100.0 |  0.266 |
0.6 0.7 0.5 grph-plp-grph-plp sys1
| Sum/Avg            |    9   4346 | 62.1   19.6   18.3    2.5   40.4  100.0 |  0.271 |
0.6 0.9 0.5 grph-plp-grph-plp sys1
| Sum/Avg            |    9   4346 | 62.1   19.6   18.3    2.5   40.4  100.0 |  0.271 |
0.8 0.2 0.5 grph-plp-grph-plp sys1
| Sum/Avg            |    9   4346 | 63.9   19.7   16.3    2.7   38.8  100.0 |  0.250 |
0.8 0.4 0.5 grph-plp-grph-plp sys1
| Sum/Avg            |    9   4346 | 63.4   19.1   17.5    2.5   39.1  100.0 |  0.250 |
0.8 0.7 0.5 grph-plp-grph-plp sys1
| Sum/Avg            |    9   4346 | 62.0   18.6   19.4    2.3   40.3  100.0 |  0.260 |
0.8 0.9 0.5 grph-plp-grph-plp sys1
| Sum/Avg            |    9   4346 | 62.0   18.6   19.4    2.3   40.3  100.0 |  0.260 |
0.3 0.2 0.5 grph-plp-tandem sys1
| Sum/Avg            |    9   4346 | 63.4   22.4   14.2    3.0   39.6  100.0 |  0.306 |
0.3 0.4 0.5 grph-plp-tandem sys1
| Sum/Avg            |    9   4346 | 63.0   21.0   16.0    2.8   39.8  100.0 |  0.303 |
0.3 0.7 0.5 grph-plp-tandem sys1
| Sum/Avg            |    9   4346 | 62.7   20.8   16.5    2.8   40.0  100.0 |  0.304 |
0.3 0.9 0.5 grph-plp-tandem sys1
| Sum/Avg            |    9   4346 | 62.7   20.8   16.5    2.8   40.0  100.0 |  0.304 |
0.5 0.2 0.5 grph-plp-tandem sys1
| Sum/Avg            |    9   4346 | 64.4   21.0   14.6    2.9   38.5  100.0 |  0.280 |
0.5 0.4 0.5 grph-plp-tandem sys1
| Sum/Avg            |    9   4346 | 63.7   20.0   16.3    2.7   39.0  100.0 |  0.280 |
0.5 0.7 0.5 grph-plp-tandem sys1
| Sum/Avg            |    9   4346 | 63.6   19.9   16.5    2.7   39.1  100.0 |  0.281 |
0.5 0.9 0.5 grph-plp-tandem sys1
| Sum/Avg            |    9   4346 | 63.6   19.9   16.5    2.7   39.1  100.0 |  0.281 |
0.6 0.2 0.5 grph-plp-tandem sys1
| Sum/Avg            |    9   4346 | 64.5   20.7   14.8    3.0   38.4  100.0 |  0.276 |
0.6 0.4 0.5 grph-plp-tandem sys1
| Sum/Avg            |    9   4346 | 63.9   19.8   16.2    2.7   38.8  100.0 |  0.276 |
0.6 0.7 0.5 grph-plp-tandem sys1
| Sum/Avg            |    9   4346 | 63.7   19.6   16.7    2.7   39.0  100.0 |  0.275 |
0.6 0.9 0.5 grph-plp-tandem sys1
| Sum/Avg            |    9   4346 | 63.7   19.6   16.7    2.7   39.0  100.0 |  0.275 |
0.8 0.2 0.5 grph-plp-tandem sys1
| Sum/Avg            |    9   4346 | 64.1   19.8   16.1    2.7   38.6  100.0 |  0.270 |
0.8 0.4 0.5 grph-plp-tandem sys1
| Sum/Avg            |    9   4346 | 63.9   19.2   16.9    2.6   38.7  100.0 |  0.267 |
0.8 0.7 0.5 grph-plp-tandem sys1
| Sum/Avg            |    9   4346 | 63.3   19.0   17.6    2.5   39.1  100.0 |  0.271 |
0.8 0.9 0.5 grph-plp-tandem sys1
| Sum/Avg            |    9   4346 | 63.3   19.0   17.7    2.5   39.2  100.0 |  0.271 |
0.3 0.2 0.5 grph-plp-grph-tandem sys1
| Sum/Avg            |    9   4346 | 63.4   22.3   14.3    2.9   39.5  100.0 |  0.296 |
0.3 0.4 0.5 grph-plp-grph-tandem sys1
| Sum/Avg            |    9   4346 | 62.9   21.2   15.9    2.6   39.7  100.0 |  0.295 |
0.3 0.7 0.5 grph-plp-grph-tandem sys1
| Sum/Avg            |    9   4346 | 62.6   20.9   16.5    2.6   39.9  100.0 |  0.295 |
0.3 0.9 0.5 grph-plp-grph-tandem sys1
| Sum/Avg            |    9   4346 | 62.6   20.9   16.5    2.6   39.9  100.0 |  0.295 |
0.5 0.2 0.5 grph-plp-grph-tandem sys1
| Sum/Avg            |    9   4346 | 64.3   21.0   14.7    2.9   38.5  100.0 |  0.277 |
0.5 0.4 0.5 grph-plp-grph-tandem sys1
| Sum/Avg            |    9   4346 | 63.5   20.1   16.5    2.6   39.1  100.0 |  0.280 |
0.5 0.7 0.5 grph-plp-grph-tandem sys1
| Sum/Avg            |    9   4346 | 63.4   20.0   16.7    2.6   39.2  100.0 |  0.280 |
0.5 0.9 0.5 grph-plp-grph-tandem sys1
| Sum/Avg            |    9   4346 | 63.4   20.0   16.7    2.6   39.2  100.0 |  0.280 |
0.6 0.2 0.5 grph-plp-grph-tandem sys1
| Sum/Avg            |    9   4346 | 64.3   20.9   14.8    2.9   38.6  100.0 |  0.282 |
0.6 0.4 0.5 grph-plp-grph-tandem sys1
| Sum/Avg            |    9   4346 | 63.5   20.0   16.5    2.6   39.1  100.0 |  0.288 |
0.6 0.7 0.5 grph-plp-grph-tandem sys1
| Sum/Avg            |    9   4346 | 63.3   19.9   16.8    2.6   39.3  100.0 |  0.289 |
0.6 0.9 0.5 grph-plp-grph-tandem sys1
| Sum/Avg            |    9   4346 | 63.3   19.9   16.8    2.6   39.3  100.0 |  0.289 |
0.8 0.2 0.5 grph-plp-grph-tandem sys1
| Sum/Avg            |    9   4346 | 64.1   19.8   16.1    2.7   38.6  100.0 |  0.268 |
0.8 0.4 0.5 grph-plp-grph-tandem sys1
| Sum/Avg            |    9   4346 | 63.7   19.4   16.9    2.6   38.9  100.0 |  0.270 |
0.8 0.7 0.5 grph-plp-grph-tandem sys1
| Sum/Avg            |    9   4346 | 63.1   19.1   17.7    2.5   39.3  100.0 |  0.274 |
0.8 0.9 0.5 grph-plp-grph-tandem sys1
| Sum/Avg            |    9   4346 | 63.1   19.1   17.8    2.5   39.4  100.0 |  0.274 |
0.3 0.2 0.5 grph-plp-hybrid sys1
| Sum/Avg            |    9   4346 | 63.1   21.4   15.5    3.0   39.9  100.0 |  0.289 |
0.3 0.4 0.5 grph-plp-hybrid sys1
| Sum/Avg            |    9   4346 | 62.5   20.6   16.9    2.6   40.1  100.0 |  0.287 |
0.3 0.7 0.5 grph-plp-hybrid sys1
| Sum/Avg            |    9   4346 | 62.4   20.4   17.2    2.6   40.2  100.0 |  0.287 |
0.3 0.9 0.5 grph-plp-hybrid sys1
| Sum/Avg            |    9   4346 | 62.4   20.4   17.2    2.6   40.2  100.0 |  0.287 |
0.5 0.2 0.5 grph-plp-hybrid sys1
| Sum/Avg            |    9   4346 | 64.3   20.3   15.4    3.0   38.7  100.0 |  0.267 |
0.5 0.4 0.5 grph-plp-hybrid sys1
| Sum/Avg            |    9   4346 | 63.3   19.6   17.1    2.6   39.4  100.0 |  0.275 |
0.5 0.7 0.5 grph-plp-hybrid sys1
| Sum/Avg            |    9   4346 | 63.2   19.5   17.3    2.6   39.4  100.0 |  0.273 |
0.5 0.9 0.5 grph-plp-hybrid sys1
| Sum/Avg            |    9   4346 | 63.2   19.5   17.3    2.6   39.4  100.0 |  0.273 |
0.6 0.2 0.5 grph-plp-hybrid sys1
| Sum/Avg            |    9   4346 | 64.4   20.2   15.3    2.8   38.4  100.0 |  0.261 |
0.6 0.4 0.5 grph-plp-hybrid sys1
| Sum/Avg            |    9   4346 | 63.7   19.6   16.8    2.5   38.8  100.0 |  0.265 |
0.6 0.7 0.5 grph-plp-hybrid sys1
| Sum/Avg            |    9   4346 | 63.4   19.4   17.3    2.5   39.1  100.0 |  0.264 |
0.6 0.9 0.5 grph-plp-hybrid sys1
| Sum/Avg            |    9   4346 | 63.4   19.4   17.3    2.5   39.1  100.0 |  0.264 |
0.8 0.2 0.5 grph-plp-hybrid sys1
| Sum/Avg            |    9   4346 | 64.0   19.6   16.4    2.8   38.8  100.0 |  0.264 |
0.8 0.4 0.5 grph-plp-hybrid sys1
| Sum/Avg            |    9   4346 | 63.7   19.2   17.1    2.6   38.9  100.0 |  0.263 |
0.8 0.7 0.5 grph-plp-hybrid sys1
| Sum/Avg            |    9   4346 | 63.0   18.9   18.1    2.5   39.4  100.0 |  0.268 |
0.8 0.9 0.5 grph-plp-hybrid sys1
| Sum/Avg            |    9   4346 | 63.0   18.9   18.1    2.4   39.5  100.0 |  0.268 |
0.3 0.2 0.5 grph-plp-grph-hybrid sys1
| Sum/Avg            |    9   4346 | 63.4   21.5   15.1    2.9   39.5  100.0 |  0.284 |
0.3 0.4 0.5 grph-plp-grph-hybrid sys1
| Sum/Avg            |    9   4346 | 63.0   20.8   16.2    2.6   39.6  100.0 |  0.281 |
0.3 0.7 0.5 grph-plp-grph-hybrid sys1
| Sum/Avg            |    9   4346 | 62.9   20.6   16.5    2.7   39.8  100.0 |  0.282 |
0.3 0.9 0.5 grph-plp-grph-hybrid sys1
| Sum/Avg            |    9   4346 | 62.9   20.6   16.5    2.7   39.8  100.0 |  0.282 |
0.5 0.2 0.5 grph-plp-grph-hybrid sys1
| Sum/Avg            |    9   4346 | 64.5   20.4   15.1    2.9   38.5  100.0 |  0.259 |
0.5 0.4 0.5 grph-plp-grph-hybrid sys1
| Sum/Avg            |    9   4346 | 63.6   19.8   16.6    2.7   39.1  100.0 |  0.265 |
0.5 0.7 0.5 grph-plp-grph-hybrid sys1
| Sum/Avg            |    9   4346 | 63.6   19.8   16.7    2.7   39.1  100.0 |  0.265 |
0.5 0.9 0.5 grph-plp-grph-hybrid sys1
| Sum/Avg            |    9   4346 | 63.6   19.8   16.7    2.7   39.1  100.0 |  0.265 |
0.6 0.2 0.5 grph-plp-grph-hybrid sys1
| Sum/Avg            |    9   4346 | 64.4   20.2   15.4    3.0   38.6  100.0 |  0.264 |
0.6 0.4 0.5 grph-plp-grph-hybrid sys1
| Sum/Avg            |    9   4346 | 63.7   19.7   16.5    2.8   39.0  100.0 |  0.268 |
0.6 0.7 0.5 grph-plp-grph-hybrid sys1
| Sum/Avg            |    9   4346 | 63.5   19.7   16.8    2.7   39.2  100.0 |  0.270 |
0.6 0.9 0.5 grph-plp-grph-hybrid sys1
| Sum/Avg            |    9   4346 | 63.5   19.7   16.8    2.7   39.2  100.0 |  0.270 |
0.8 0.2 0.5 grph-plp-grph-hybrid sys1
| Sum/Avg            |    9   4346 | 64.1   19.7   16.2    2.7   38.7  100.0 |  0.261 |
0.8 0.4 0.5 grph-plp-grph-hybrid sys1
| Sum/Avg            |    9   4346 | 63.7   19.3   17.0    2.7   39.0  100.0 |  0.262 |
0.8 0.7 0.5 grph-plp-grph-hybrid sys1
| Sum/Avg            |    9   4346 | 63.1   19.1   17.7    2.6   39.4  100.0 |  0.266 |
0.8 0.9 0.5 grph-plp-grph-hybrid sys1
| Sum/Avg            |    9   4346 | 63.1   19.1   17.8    2.6   39.5  100.0 |  0.267 |
0.3 0.2 0.5 tandem-plp sys1
| Sum/Avg            |    9   4346 | 63.1   22.6   14.3    3.0   39.9  100.0 |  0.273 |
0.3 0.4 0.5 tandem-plp sys1
| Sum/Avg            |    9   4346 | 62.6   21.9   15.5    2.7   40.2  100.0 |  0.276 |
0.3 0.7 0.5 tandem-plp sys1
| Sum/Avg            |    9   4346 | 62.2   21.2   16.6    2.6   40.3  100.0 |  0.279 |
0.3 0.9 0.5 tandem-plp sys1
| Sum/Avg            |    9   4346 | 62.2   21.2   16.6    2.6   40.3  100.0 |  0.279 |
0.5 0.2 0.5 tandem-plp sys1
| Sum/Avg            |    9   4346 | 64.1   21.9   14.0    3.2   39.0  100.0 |  0.276 |
0.5 0.4 0.5 tandem-plp sys1
| Sum/Avg            |    9   4346 | 63.0   20.7   16.3    2.7   39.7  100.0 |  0.283 |
0.5 0.7 0.5 tandem-plp sys1
| Sum/Avg            |    9   4346 | 62.9   20.4   16.6    2.7   39.7  100.0 |  0.283 |
0.5 0.9 0.5 tandem-plp sys1
| Sum/Avg            |    9   4346 | 62.9   20.4   16.6    2.7   39.7  100.0 |  0.283 |
0.6 0.2 0.5 tandem-plp sys1
| Sum/Avg            |    9   4346 | 64.7   21.3   14.0    3.1   38.4  100.0 |  0.269 |
0.6 0.4 0.5 tandem-plp sys1
| Sum/Avg            |    9   4346 | 63.8   20.1   16.1    2.7   38.9  100.0 |  0.271 |
0.6 0.7 0.5 tandem-plp sys1
| Sum/Avg            |    9   4346 | 63.5   19.9   16.7    2.6   39.1  100.0 |  0.272 |
0.6 0.9 0.5 tandem-plp sys1
| Sum/Avg            |    9   4346 | 63.5   19.9   16.7    2.6   39.1  100.0 |  0.272 |
0.8 0.2 0.5 tandem-plp sys1
| Sum/Avg            |    9   4346 | 64.1   19.9   16.0    2.7   38.6  100.0 |  0.268 |
0.8 0.4 0.5 tandem-plp sys1
| Sum/Avg            |    9   4346 | 63.7   19.5   16.8    2.6   38.9  100.0 |  0.270 |
0.8 0.7 0.5 tandem-plp sys1
| Sum/Avg            |    9   4346 | 63.1   19.0   17.9    2.4   39.4  100.0 |  0.271 |
0.8 0.9 0.5 tandem-plp sys1
| Sum/Avg            |    9   4346 | 63.0   19.0   17.9    2.4   39.4  100.0 |  0.271 |
0.3 0.2 0.5 tandem-grph-plp sys1
| Sum/Avg            |    9   4346 | 62.6   21.8   15.5    3.0   40.3  100.0 |  0.269 |
0.3 0.4 0.5 tandem-grph-plp sys1
| Sum/Avg            |    9   4346 | 62.1   21.3   16.6    2.8   40.7  100.0 |  0.276 |
0.3 0.7 0.5 tandem-grph-plp sys1
| Sum/Avg            |    9   4346 | 61.8   20.6   17.6    2.6   40.7  100.0 |  0.275 |
0.3 0.9 0.5 tandem-grph-plp sys1
| Sum/Avg            |    9   4346 | 61.8   20.6   17.6    2.6   40.7  100.0 |  0.275 |
0.5 0.2 0.5 tandem-grph-plp sys1
| Sum/Avg            |    9   4346 | 63.8   21.5   14.7    3.1   39.3  100.0 |  0.278 |
0.5 0.4 0.5 tandem-grph-plp sys1
| Sum/Avg            |    9   4346 | 62.7   20.2   17.0    2.6   39.9  100.0 |  0.282 |
0.5 0.7 0.5 tandem-grph-plp sys1
| Sum/Avg            |    9   4346 | 62.4   20.0   17.5    2.5   40.1  100.0 |  0.283 |
0.5 0.9 0.5 tandem-grph-plp sys1
| Sum/Avg            |    9   4346 | 62.4   20.0   17.5    2.5   40.1  100.0 |  0.283 |
0.6 0.2 0.5 tandem-grph-plp sys1
| Sum/Avg            |    9   4346 | 64.4   21.0   14.7    3.2   38.8  100.0 |  0.274 |
0.6 0.4 0.5 tandem-grph-plp sys1
| Sum/Avg            |    9   4346 | 63.4   19.7   17.0    2.6   39.2  100.0 |  0.274 |
0.6 0.7 0.5 tandem-grph-plp sys1
| Sum/Avg            |    9   4346 | 63.0   19.5   17.5    2.5   39.6  100.0 |  0.277 |
0.6 0.9 0.5 tandem-grph-plp sys1
| Sum/Avg            |    9   4346 | 63.0   19.5   17.5    2.5   39.6  100.0 |  0.277 |
0.8 0.2 0.5 tandem-grph-plp sys1
| Sum/Avg            |    9   4346 | 64.0   19.9   16.0    2.7   38.7  100.0 |  0.271 |
0.8 0.4 0.5 tandem-grph-plp sys1
| Sum/Avg            |    9   4346 | 63.6   19.4   17.0    2.5   38.9  100.0 |  0.272 |
0.8 0.7 0.5 tandem-grph-plp sys1
| Sum/Avg            |    9   4346 | 62.7   19.0   18.3    2.3   39.6  100.0 |  0.277 |
0.8 0.9 0.5 tandem-grph-plp sys1
| Sum/Avg            |    9   4346 | 62.6   19.0   18.3    2.3   39.7  100.0 |  0.277 |
0.3 0.2 0.5 tandem-tandem sys1
| Sum/Avg            |    9   4346 | 64.7   23.3   12.0    3.7   39.0  100.0 |  0.259 |
0.3 0.4 0.5 tandem-tandem sys1
| Sum/Avg            |    9   4346 | 64.3   22.5   13.2    3.3   39.0  100.0 |  0.256 |
0.3 0.7 0.5 tandem-tandem sys1
| Sum/Avg            |    9   4346 | 63.4   20.7   15.9    2.7   39.3  100.0 |  0.259 |
0.3 0.9 0.5 tandem-tandem sys1
| Sum/Avg            |    9   4346 | 63.4   20.7   15.9    2.7   39.3  100.0 |  0.259 |
0.5 0.2 0.5 tandem-tandem sys1
| Sum/Avg            |    9   4346 | 65.4   22.5   12.1    3.9   38.5  100.0 |  0.283 |
0.5 0.4 0.5 tandem-tandem sys1
| Sum/Avg            |    9   4346 | 64.4   21.0   14.6    2.9   38.6  100.0 |  0.283 |
0.5 0.7 0.5 tandem-tandem sys1
| Sum/Avg            |    9   4346 | 63.9   20.1   16.0    2.6   38.7  100.0 |  0.280 |
0.5 0.9 0.5 tandem-tandem sys1
| Sum/Avg            |    9   4346 | 63.9   20.1   16.0    2.6   38.7  100.0 |  0.280 |
0.6 0.2 0.5 tandem-tandem sys1
| Sum/Avg            |    9   4346 | 65.7   22.1   12.2    3.9   38.2  100.0 |  0.284 |
0.6 0.4 0.5 tandem-tandem sys1
| Sum/Avg            |    9   4346 | 64.4   20.1   15.5    2.7   38.3  100.0 |  0.277 |
0.6 0.7 0.5 tandem-tandem sys1
| Sum/Avg            |    9   4346 | 64.2   19.8   16.0    2.6   38.4  100.0 |  0.277 |
0.6 0.9 0.5 tandem-tandem sys1
| Sum/Avg            |    9   4346 | 64.2   19.8   16.0    2.6   38.4  100.0 |  0.277 |
0.8 0.2 0.5 tandem-tandem sys1
| Sum/Avg            |    9   4346 | 64.3   20.2   15.5    2.8   38.5  100.0 |  0.286 |
0.8 0.4 0.5 tandem-tandem sys1
| Sum/Avg            |    9   4346 | 64.0   19.8   16.3    2.7   38.7  100.0 |  0.285 |
0.8 0.7 0.5 tandem-tandem sys1
| Sum/Avg            |    9   4346 | 63.6   19.4   17.0    2.4   38.8  100.0 |  0.287 |
0.8 0.9 0.5 tandem-tandem sys1
| Sum/Avg            |    9   4346 | 63.6   19.4   17.1    2.4   38.9  100.0 |  0.287 |
0.3 0.2 0.5 tandem-grph-tandem sys1
| Sum/Avg            |    9   4346 | 64.9   22.3   12.8    3.5   38.6  100.0 |  0.256 |
0.3 0.4 0.5 tandem-grph-tandem sys1
| Sum/Avg            |    9   4346 | 64.7   21.4   13.9    3.2   38.5  100.0 |  0.254 |
0.3 0.7 0.5 tandem-grph-tandem sys1
| Sum/Avg            |    9   4346 | 64.1   20.1   15.8    2.8   38.7  100.0 |  0.254 |
0.3 0.9 0.5 tandem-grph-tandem sys1
| Sum/Avg            |    9   4346 | 64.1   20.1   15.8    2.8   38.7  100.0 |  0.254 |
0.5 0.2 0.5 tandem-grph-tandem sys1
| Sum/Avg            |    9   4346 | 65.7   21.8   12.6    3.6   37.9  100.0 |  0.271 |
0.5 0.4 0.5 tandem-grph-tandem sys1
| Sum/Avg            |    9   4346 | 64.9   20.3   14.8    3.0   38.2  100.0 |  0.265 |
0.5 0.7 0.5 tandem-grph-tandem sys1
| Sum/Avg            |    9   4346 | 64.5   19.7   15.9    2.7   38.3  100.0 |  0.264 |
0.5 0.9 0.5 tandem-grph-tandem sys1
| Sum/Avg            |    9   4346 | 64.5   19.7   15.9    2.7   38.3  100.0 |  0.264 |
0.6 0.2 0.5 tandem-grph-tandem sys1
| Sum/Avg            |    9   4346 | 66.0   21.3   12.7    3.5   37.6  100.0 |  0.268 |
0.6 0.4 0.5 tandem-grph-tandem sys1
| Sum/Avg            |    9   4346 | 64.8   19.7   15.6    2.8   38.0  100.0 |  0.264 |
0.6 0.7 0.5 tandem-grph-tandem sys1
| Sum/Avg            |    9   4346 | 64.6   19.5   15.9    2.7   38.1  100.0 |  0.264 |
0.6 0.9 0.5 tandem-grph-tandem sys1
| Sum/Avg            |    9   4346 | 64.6   19.5   15.9    2.7   38.1  100.0 |  0.264 |
0.8 0.2 0.5 tandem-grph-tandem sys1
| Sum/Avg            |    9   4346 | 64.4   20.2   15.4    2.8   38.4  100.0 |  0.281 |
0.8 0.4 0.5 tandem-grph-tandem sys1
| Sum/Avg            |    9   4346 | 64.1   19.9   15.9    2.6   38.5  100.0 |  0.281 |
0.8 0.7 0.5 tandem-grph-tandem sys1
| Sum/Avg            |    9   4346 | 63.6   19.7   16.8    2.5   38.9  100.0 |  0.285 |
0.8 0.9 0.5 tandem-grph-tandem sys1
| Sum/Avg            |    9   4346 | 63.6   19.7   16.8    2.5   38.9  100.0 |  0.285 |
0.3 0.2 0.5 tandem-hybrid sys1
| Sum/Avg            |    9   4346 | 65.5   20.7   13.8    3.4   37.9  100.0 |  0.241 |
0.3 0.4 0.5 tandem-hybrid sys1
| Sum/Avg            |    9   4346 | 64.8   20.1   15.1    3.1   38.3  100.0 |  0.247 |
0.3 0.7 0.5 tandem-hybrid sys1
| Sum/Avg            |    9   4346 | 64.1   18.9   17.0    2.6   38.5  100.0 |  0.249 |
0.3 0.9 0.5 tandem-hybrid sys1
| Sum/Avg            |    9   4346 | 64.1   18.9   17.0    2.6   38.5  100.0 |  0.249 |
0.5 0.2 0.5 tandem-hybrid sys1
| Sum/Avg            |    9   4346 | 65.9   20.9   13.2    3.6   37.7  100.0 |  0.269 |
0.5 0.4 0.5 tandem-hybrid sys1
| Sum/Avg            |    9   4346 | 64.8   19.5   15.7    2.9   38.2  100.0 |  0.269 |
0.5 0.7 0.5 tandem-hybrid sys1
| Sum/Avg            |    9   4346 | 64.2   18.8   17.0    2.6   38.5  100.0 |  0.271 |
0.5 0.9 0.5 tandem-hybrid sys1
| Sum/Avg            |    9   4346 | 64.2   18.8   17.0    2.6   38.5  100.0 |  0.271 |
0.6 0.2 0.5 tandem-hybrid sys1
| Sum/Avg            |    9   4346 | 65.9   20.8   13.3    3.6   37.7  100.0 |  0.276 |
0.6 0.4 0.5 tandem-hybrid sys1
| Sum/Avg            |    9   4346 | 64.7   19.0   16.2    2.7   38.0  100.0 |  0.272 |
0.6 0.7 0.5 tandem-hybrid sys1
| Sum/Avg            |    9   4346 | 64.2   18.8   17.0    2.6   38.4  100.0 |  0.273 |
0.6 0.9 0.5 tandem-hybrid sys1
| Sum/Avg            |    9   4346 | 64.2   18.8   17.0    2.6   38.4  100.0 |  0.273 |
0.8 0.2 0.5 tandem-hybrid sys1
| Sum/Avg            |    9   4346 | 64.4   19.9   15.8    2.8   38.4  100.0 |  0.289 |
0.8 0.4 0.5 tandem-hybrid sys1
| Sum/Avg            |    9   4346 | 64.1   19.4   16.5    2.6   38.5  100.0 |  0.287 |
0.8 0.7 0.5 tandem-hybrid sys1
| Sum/Avg            |    9   4346 | 63.4   18.9   17.7    2.4   39.0  100.0 |  0.290 |
0.8 0.9 0.5 tandem-hybrid sys1
| Sum/Avg            |    9   4346 | 63.3   18.9   17.9    2.4   39.1  100.0 |  0.291 |
0.3 0.2 0.5 tandem-grph-hybrid sys1
| Sum/Avg            |    9   4346 | 65.4   21.0   13.6    3.3   37.9  100.0 |  0.248 |
0.3 0.4 0.5 tandem-grph-hybrid sys1
| Sum/Avg            |    9   4346 | 65.2   20.7   14.1    3.1   37.9  100.0 |  0.246 |
0.3 0.7 0.5 tandem-grph-hybrid sys1
| Sum/Avg            |    9   4346 | 64.7   19.9   15.4    2.8   38.0  100.0 |  0.246 |
0.3 0.9 0.5 tandem-grph-hybrid sys1
| Sum/Avg            |    9   4346 | 64.7   19.9   15.4    2.8   38.0  100.0 |  0.246 |
0.5 0.2 0.5 tandem-grph-hybrid sys1
| Sum/Avg            |    9   4346 | 65.7   21.0   13.3    3.3   37.6  100.0 |  0.259 |
0.5 0.4 0.5 tandem-grph-hybrid sys1
| Sum/Avg            |    9   4346 | 65.3   20.0   14.8    3.0   37.8  100.0 |  0.254 |
0.5 0.7 0.5 tandem-grph-hybrid sys1
| Sum/Avg            |    9   4346 | 65.0   19.6   15.4    2.8   37.8  100.0 |  0.253 |
0.5 0.9 0.5 tandem-grph-hybrid sys1
| Sum/Avg            |    9   4346 | 65.0   19.6   15.4    2.8   37.8  100.0 |  0.253 |
0.6 0.2 0.5 tandem-grph-hybrid sys1
| Sum/Avg            |    9   4346 | 65.8   20.8   13.5    3.3   37.6  100.0 |  0.258 |
0.6 0.4 0.5 tandem-grph-hybrid sys1
| Sum/Avg            |    9   4346 | 65.0   19.6   15.4    2.8   37.8  100.0 |  0.253 |
0.6 0.7 0.5 tandem-grph-hybrid sys1
| Sum/Avg            |    9   4346 | 65.0   19.5   15.5    2.8   37.8  100.0 |  0.252 |
0.6 0.9 0.5 tandem-grph-hybrid sys1
| Sum/Avg            |    9   4346 | 65.0   19.5   15.5    2.8   37.8  100.0 |  0.252 |
0.8 0.2 0.5 tandem-grph-hybrid sys1
| Sum/Avg            |    9   4346 | 64.4   20.0   15.6    2.8   38.5  100.0 |  0.274 |
0.8 0.4 0.5 tandem-grph-hybrid sys1
| Sum/Avg            |    9   4346 | 64.2   19.7   16.1    2.7   38.5  100.0 |  0.273 |
0.8 0.7 0.5 tandem-grph-hybrid sys1
| Sum/Avg            |    9   4346 | 63.9   19.6   16.5    2.6   38.7  100.0 |  0.274 |
0.8 0.9 0.5 tandem-grph-hybrid sys1
| Sum/Avg            |    9   4346 | 63.9   19.6   16.5    2.6   38.7  100.0 |  0.274 |
0.3 0.2 0.5 grph-tandem-plp sys1
| Sum/Avg            |    9   4346 | 62.1   22.5   15.4    3.0   40.9  100.0 |  0.292 |
0.3 0.4 0.5 grph-tandem-plp sys1
| Sum/Avg            |    9   4346 | 61.6   21.8   16.6    2.5   40.9  100.0 |  0.292 |
0.3 0.7 0.5 grph-tandem-plp sys1
| Sum/Avg            |    9   4346 | 61.4   21.4   17.3    2.4   41.1  100.0 |  0.292 |
0.3 0.9 0.5 grph-tandem-plp sys1
| Sum/Avg            |    9   4346 | 61.4   21.4   17.3    2.4   41.1  100.0 |  0.292 |
0.5 0.2 0.5 grph-tandem-plp sys1
| Sum/Avg            |    9   4346 | 63.7   21.3   15.0    3.0   39.3  100.0 |  0.277 |
0.5 0.4 0.5 grph-tandem-plp sys1
| Sum/Avg            |    9   4346 | 62.7   20.3   17.0    2.5   39.9  100.0 |  0.281 |
0.5 0.7 0.5 grph-tandem-plp sys1
| Sum/Avg            |    9   4346 | 62.6   20.1   17.4    2.5   40.0  100.0 |  0.280 |
0.5 0.9 0.5 grph-tandem-plp sys1
| Sum/Avg            |    9   4346 | 62.6   20.1   17.4    2.5   40.0  100.0 |  0.280 |
0.6 0.2 0.5 grph-tandem-plp sys1
| Sum/Avg            |    9   4346 | 64.2   20.8   15.0    2.9   38.7  100.0 |  0.273 |
0.6 0.4 0.5 grph-tandem-plp sys1
| Sum/Avg            |    9   4346 | 63.3   19.8   16.9    2.5   39.2  100.0 |  0.276 |
0.6 0.7 0.5 grph-tandem-plp sys1
| Sum/Avg            |    9   4346 | 63.0   19.6   17.4    2.5   39.5  100.0 |  0.276 |
0.6 0.9 0.5 grph-tandem-plp sys1
| Sum/Avg            |    9   4346 | 63.0   19.6   17.4    2.5   39.5  100.0 |  0.276 |
0.8 0.2 0.5 grph-tandem-plp sys1
| Sum/Avg            |    9   4346 | 64.1   19.7   16.2    2.7   38.6  100.0 |  0.262 |
0.8 0.4 0.5 grph-tandem-plp sys1
| Sum/Avg            |    9   4346 | 63.7   19.0   17.3    2.5   38.8  100.0 |  0.260 |
0.8 0.7 0.5 grph-tandem-plp sys1
| Sum/Avg            |    9   4346 | 62.9   18.6   18.5    2.4   39.4  100.0 |  0.263 |
0.8 0.9 0.5 grph-tandem-plp sys1
| Sum/Avg            |    9   4346 | 62.9   18.6   18.5    2.4   39.5  100.0 |  0.263 |
0.3 0.2 0.5 grph-tandem-grph-plp sys1
| Sum/Avg            |    9   4346 | 61.9   22.1   16.0    3.1   41.1  100.0 |  0.280 |
0.3 0.4 0.5 grph-tandem-grph-plp sys1
| Sum/Avg            |    9   4346 | 61.2   21.3   17.6    2.6   41.4  100.0 |  0.283 |
0.3 0.7 0.5 grph-tandem-grph-plp sys1
| Sum/Avg            |    9   4346 | 61.0   20.6   18.4    2.5   41.6  100.0 |  0.283 |
0.3 0.9 0.5 grph-tandem-grph-plp sys1
| Sum/Avg            |    9   4346 | 61.0   20.6   18.4    2.5   41.6  100.0 |  0.283 |
0.5 0.2 0.5 grph-tandem-grph-plp sys1
| Sum/Avg            |    9   4346 | 64.0   21.1   15.0    3.2   39.2  100.0 |  0.263 |
0.5 0.4 0.5 grph-tandem-grph-plp sys1
| Sum/Avg            |    9   4346 | 62.4   19.9   17.8    2.6   40.2  100.0 |  0.275 |
0.5 0.7 0.5 grph-tandem-grph-plp sys1
| Sum/Avg            |    9   4346 | 62.1   19.5   18.3    2.5   40.4  100.0 |  0.275 |
0.5 0.9 0.5 grph-tandem-grph-plp sys1
| Sum/Avg            |    9   4346 | 62.1   19.5   18.3    2.5   40.4  100.0 |  0.275 |
0.6 0.2 0.5 grph-tandem-grph-plp sys1
| Sum/Avg            |    9   4346 | 64.2   20.7   15.1    3.1   38.9  100.0 |  0.270 |
0.6 0.4 0.5 grph-tandem-grph-plp sys1
| Sum/Avg            |    9   4346 | 62.9   19.6   17.6    2.5   39.6  100.0 |  0.276 |
0.6 0.7 0.5 grph-tandem-grph-plp sys1
| Sum/Avg            |    9   4346 | 62.4   19.4   18.2    2.4   40.0  100.0 |  0.278 |
0.6 0.9 0.5 grph-tandem-grph-plp sys1
| Sum/Avg            |    9   4346 | 62.4   19.4   18.2    2.4   40.0  100.0 |  0.278 |
0.8 0.2 0.5 grph-tandem-grph-plp sys1
| Sum/Avg            |    9   4346 | 64.0   19.8   16.2    2.7   38.7  100.0 |  0.264 |
0.8 0.4 0.5 grph-tandem-grph-plp sys1
| Sum/Avg            |    9   4346 | 63.5   19.0   17.5    2.5   39.0  100.0 |  0.264 |
0.8 0.7 0.5 grph-tandem-grph-plp sys1
| Sum/Avg            |    9   4346 | 62.4   18.6   19.0    2.3   39.9  100.0 |  0.272 |
0.8 0.9 0.5 grph-tandem-grph-plp sys1
| Sum/Avg            |    9   4346 | 62.3   18.6   19.1    2.3   40.0  100.0 |  0.272 |
0.3 0.2 0.5 grph-tandem-tandem sys1
| Sum/Avg            |    9   4346 | 64.4   22.6   13.0    3.3   38.9  100.0 |  0.284 |
0.3 0.4 0.5 grph-tandem-tandem sys1
| Sum/Avg            |    9   4346 | 63.9   21.3   14.8    2.9   39.0  100.0 |  0.282 |
0.3 0.7 0.5 grph-tandem-tandem sys1
| Sum/Avg            |    9   4346 | 63.2   20.3   16.4    2.6   39.4  100.0 |  0.284 |
0.3 0.9 0.5 grph-tandem-tandem sys1
| Sum/Avg            |    9   4346 | 63.2   20.3   16.4    2.6   39.4  100.0 |  0.284 |
0.5 0.2 0.5 grph-tandem-tandem sys1
| Sum/Avg            |    9   4346 | 65.2   21.8   13.0    3.5   38.3  100.0 |  0.283 |
0.5 0.4 0.5 grph-tandem-tandem sys1
| Sum/Avg            |    9   4346 | 64.2   20.2   15.6    2.8   38.6  100.0 |  0.279 |
0.5 0.7 0.5 grph-tandem-tandem sys1
| Sum/Avg            |    9   4346 | 63.9   19.6   16.5    2.6   38.8  100.0 |  0.278 |
0.5 0.9 0.5 grph-tandem-tandem sys1
| Sum/Avg            |    9   4346 | 63.9   19.6   16.5    2.6   38.8  100.0 |  0.278 |
0.6 0.2 0.5 grph-tandem-tandem sys1
| Sum/Avg            |    9   4346 | 65.4   21.1   13.5    3.4   38.0  100.0 |  0.281 |
0.6 0.4 0.5 grph-tandem-tandem sys1
| Sum/Avg            |    9   4346 | 64.3   19.4   16.2    2.6   38.3  100.0 |  0.273 |
0.6 0.7 0.5 grph-tandem-tandem sys1
| Sum/Avg            |    9   4346 | 64.1   19.2   16.7    2.6   38.4  100.0 |  0.274 |
0.6 0.9 0.5 grph-tandem-tandem sys1
| Sum/Avg            |    9   4346 | 64.1   19.2   16.7    2.6   38.4  100.0 |  0.274 |
0.8 0.2 0.5 grph-tandem-tandem sys1
| Sum/Avg            |    9   4346 | 64.2   20.0   15.8    2.8   38.7  100.0 |  0.290 |
0.8 0.4 0.5 grph-tandem-tandem sys1
| Sum/Avg            |    9   4346 | 63.9   19.5   16.6    2.7   38.8  100.0 |  0.289 |
0.8 0.7 0.5 grph-tandem-tandem sys1
| Sum/Avg            |    9   4346 | 63.3   19.2   17.5    2.4   39.1  100.0 |  0.293 |
0.8 0.9 0.5 grph-tandem-tandem sys1
| Sum/Avg            |    9   4346 | 63.3   19.2   17.6    2.4   39.1  100.0 |  0.294 |
0.3 0.2 0.5 grph-tandem-grph-tandem sys1
| Sum/Avg            |    9   4346 | 64.0   22.8   13.1    3.4   39.4  100.0 |  0.267 |
0.3 0.4 0.5 grph-tandem-grph-tandem sys1
| Sum/Avg            |    9   4346 | 63.5   21.6   14.9    3.0   39.5  100.0 |  0.265 |
0.3 0.7 0.5 grph-tandem-grph-tandem sys1
| Sum/Avg            |    9   4346 | 63.0   20.5   16.6    2.8   39.8  100.0 |  0.266 |
0.3 0.9 0.5 grph-tandem-grph-tandem sys1
| Sum/Avg            |    9   4346 | 63.0   20.5   16.6    2.8   39.8  100.0 |  0.266 |
0.5 0.2 0.5 grph-tandem-grph-tandem sys1
| Sum/Avg            |    9   4346 | 65.1   21.9   13.0    3.5   38.4  100.0 |  0.275 |
0.5 0.4 0.5 grph-tandem-grph-tandem sys1
| Sum/Avg            |    9   4346 | 64.0   20.5   15.5    2.9   38.9  100.0 |  0.274 |
0.5 0.7 0.5 grph-tandem-grph-tandem sys1
| Sum/Avg            |    9   4346 | 63.6   19.7   16.6    2.8   39.1  100.0 |  0.272 |
0.5 0.9 0.5 grph-tandem-grph-tandem sys1
| Sum/Avg            |    9   4346 | 63.6   19.7   16.6    2.8   39.1  100.0 |  0.272 |
0.6 0.2 0.5 grph-tandem-grph-tandem sys1
| Sum/Avg            |    9   4346 | 65.2   21.2   13.6    3.5   38.3  100.0 |  0.275 |
0.6 0.4 0.5 grph-tandem-grph-tandem sys1
| Sum/Avg            |    9   4346 | 64.2   19.5   16.3    2.8   38.7  100.0 |  0.269 |
0.6 0.7 0.5 grph-tandem-grph-tandem sys1
| Sum/Avg            |    9   4346 | 63.9   19.4   16.8    2.8   38.9  100.0 |  0.271 |
0.6 0.9 0.5 grph-tandem-grph-tandem sys1
| Sum/Avg            |    9   4346 | 63.9   19.4   16.8    2.8   38.9  100.0 |  0.271 |
0.8 0.2 0.5 grph-tandem-grph-tandem sys1
| Sum/Avg            |    9   4346 | 64.2   20.2   15.6    2.8   38.6  100.0 |  0.281 |
0.8 0.4 0.5 grph-tandem-grph-tandem sys1
| Sum/Avg            |    9   4346 | 63.9   19.7   16.4    2.6   38.8  100.0 |  0.280 |
0.8 0.7 0.5 grph-tandem-grph-tandem sys1
| Sum/Avg            |    9   4346 | 63.1   19.5   17.4    2.5   39.4  100.0 |  0.286 |
0.8 0.9 0.5 grph-tandem-grph-tandem sys1
| Sum/Avg            |    9   4346 | 63.1   19.5   17.4    2.5   39.4  100.0 |  0.286 |
0.3 0.2 0.5 grph-tandem-hybrid sys1
| Sum/Avg            |    9   4346 | 64.4   20.9   14.7    3.2   38.8  100.0 |  0.269 |
0.3 0.4 0.5 grph-tandem-hybrid sys1
| Sum/Avg            |    9   4346 | 63.7   19.8   16.5    2.7   39.0  100.0 |  0.269 |
0.3 0.7 0.5 grph-tandem-hybrid sys1
| Sum/Avg            |    9   4346 | 63.1   19.2   17.7    2.5   39.3  100.0 |  0.272 |
0.3 0.9 0.5 grph-tandem-hybrid sys1
| Sum/Avg            |    9   4346 | 63.1   19.2   17.7    2.5   39.3  100.0 |  0.272 |
0.5 0.2 0.5 grph-tandem-hybrid sys1
| Sum/Avg            |    9   4346 | 65.1   20.8   14.1    3.2   38.0  100.0 |  0.275 |
0.5 0.4 0.5 grph-tandem-hybrid sys1
| Sum/Avg            |    9   4346 | 64.1   19.2   16.7    2.6   38.5  100.0 |  0.272 |
0.5 0.7 0.5 grph-tandem-hybrid sys1
| Sum/Avg            |    9   4346 | 63.6   18.7   17.7    2.5   38.9  100.0 |  0.272 |
0.5 0.9 0.5 grph-tandem-hybrid sys1
| Sum/Avg            |    9   4346 | 63.6   18.7   17.7    2.5   38.9  100.0 |  0.272 |
0.6 0.2 0.5 grph-tandem-hybrid sys1
| Sum/Avg            |    9   4346 | 65.4   20.3   14.3    3.1   37.6  100.0 |  0.270 |
0.6 0.4 0.5 grph-tandem-hybrid sys1
| Sum/Avg            |    9   4346 | 64.4   18.7   16.9    2.5   38.1  100.0 |  0.266 |
0.6 0.7 0.5 grph-tandem-hybrid sys1
| Sum/Avg            |    9   4346 | 63.8   18.4   17.8    2.4   38.6  100.0 |  0.268 |
0.6 0.9 0.5 grph-tandem-hybrid sys1
| Sum/Avg            |    9   4346 | 63.8   18.4   17.8    2.4   38.6  100.0 |  0.268 |
0.8 0.2 0.5 grph-tandem-hybrid sys1
| Sum/Avg            |    9   4346 | 64.1   19.8   16.1    2.7   38.6  100.0 |  0.292 |
0.8 0.4 0.5 grph-tandem-hybrid sys1
| Sum/Avg            |    9   4346 | 63.9   19.1   17.0    2.6   38.7  100.0 |  0.289 |
0.8 0.7 0.5 grph-tandem-hybrid sys1
| Sum/Avg            |    9   4346 | 63.0   18.5   18.5    2.4   39.4  100.0 |  0.294 |
0.8 0.9 0.5 grph-tandem-hybrid sys1
| Sum/Avg            |    9   4346 | 62.8   18.5   18.7    2.3   39.6  100.0 |  0.294 |
0.3 0.2 0.5 grph-tandem-grph-hybrid sys1
| Sum/Avg            |    9   4346 | 64.4   21.4   14.3    3.1   38.7  100.0 |  0.262 |
0.3 0.4 0.5 grph-tandem-grph-hybrid sys1
| Sum/Avg            |    9   4346 | 64.0   20.4   15.6    2.8   38.8  100.0 |  0.259 |
0.3 0.7 0.5 grph-tandem-grph-hybrid sys1
| Sum/Avg            |    9   4346 | 63.6   19.9   16.5    2.6   38.9  100.0 |  0.260 |
0.3 0.9 0.5 grph-tandem-grph-hybrid sys1
| Sum/Avg            |    9   4346 | 63.6   19.9   16.5    2.6   38.9  100.0 |  0.260 |
0.5 0.2 0.5 grph-tandem-grph-hybrid sys1
| Sum/Avg            |    9   4346 | 65.3   20.9   13.8    3.2   37.9  100.0 |  0.257 |
0.5 0.4 0.5 grph-tandem-grph-hybrid sys1
| Sum/Avg            |    9   4346 | 64.3   19.8   15.9    2.7   38.4  100.0 |  0.260 |
0.5 0.7 0.5 grph-tandem-grph-hybrid sys1
| Sum/Avg            |    9   4346 | 64.2   19.4   16.5    2.6   38.4  100.0 |  0.258 |
0.5 0.9 0.5 grph-tandem-grph-hybrid sys1
| Sum/Avg            |    9   4346 | 64.2   19.4   16.5    2.6   38.4  100.0 |  0.258 |
0.6 0.2 0.5 grph-tandem-grph-hybrid sys1
| Sum/Avg            |    9   4346 | 65.6   20.2   14.2    3.2   37.6  100.0 |  0.250 |
0.6 0.4 0.5 grph-tandem-grph-hybrid sys1
| Sum/Avg            |    9   4346 | 64.6   19.0   16.4    2.7   38.1  100.0 |  0.248 |
0.6 0.7 0.5 grph-tandem-grph-hybrid sys1
| Sum/Avg            |    9   4346 | 64.5   18.9   16.6    2.6   38.2  100.0 |  0.248 |
0.6 0.9 0.5 grph-tandem-grph-hybrid sys1
| Sum/Avg            |    9   4346 | 64.5   18.9   16.6    2.6   38.2  100.0 |  0.248 |
0.8 0.2 0.5 grph-tandem-grph-hybrid sys1
| Sum/Avg            |    9   4346 | 64.3   19.9   15.8    2.8   38.5  100.0 |  0.273 |
0.8 0.4 0.5 grph-tandem-grph-hybrid sys1
| Sum/Avg            |    9   4346 | 64.0   19.4   16.6    2.6   38.6  100.0 |  0.271 |
0.8 0.7 0.5 grph-tandem-grph-hybrid sys1
| Sum/Avg            |    9   4346 | 63.4   19.2   17.4    2.5   39.1  100.0 |  0.275 |
0.8 0.9 0.5 grph-tandem-grph-hybrid sys1
| Sum/Avg            |    9   4346 | 63.4   19.2   17.4    2.5   39.1  100.0 |  0.276 |
