0.3 0.2 0.5 plp-plp sys1
| Sum/Avg            |    9   4346 | 64.7   19.9   15.3    3.0   38.2  100.0 |  0.262 |
0.3 0.4 0.5 plp-plp sys1
| Sum/Avg            |    9   4346 | 63.1   20.9   15.9    2.8   39.7  100.0 |  0.265 |
0.3 0.7 0.5 plp-plp sys1
| Sum/Avg            |    9   4346 | 63.9   20.4   15.7    3.0   39.0  100.0 |  0.261 |
0.3 0.9 0.5 plp-plp sys1
| Sum/Avg            |    9   4346 | 63.8   20.3   15.9    2.9   39.2  100.0 |  0.263 |
0.5 0.2 0.5 plp-plp sys1
| Sum/Avg            |    9   4346 | 65.7   21.4   12.9    3.3   37.6  100.0 |  0.264 |
0.5 0.4 0.5 plp-plp sys1
| Sum/Avg            |    9   4346 | 64.7   19.7   15.7    3.0   38.3  100.0 |  0.259 |
0.5 0.7 0.5 plp-plp sys1
| Sum/Avg            |    9   4346 | 64.3   19.6   16.1    2.8   38.4  100.0 |  0.256 |
0.5 0.9 0.5 plp-plp sys1
| Sum/Avg            |    9   4346 | 64.3   19.5   16.2    2.8   38.4  100.0 |  0.256 |
0.6 0.2 0.5 plp-plp sys1
| Sum/Avg            |    9   4346 | 66.1   20.9   13.0    3.3   37.2  100.0 |  0.255 |
0.6 0.4 0.5 plp-plp sys1
| Sum/Avg            |    9   4346 | 64.9   19.6   15.5    2.7   37.8  100.0 |  0.246 |
0.6 0.7 0.5 plp-plp sys1
| Sum/Avg            |    9   4346 | 63.8   19.1   17.2    2.6   38.8  100.0 |  0.254 |
0.6 0.9 0.5 plp-plp sys1
| Sum/Avg            |    9   4346 | 63.8   19.1   17.2    2.6   38.8  100.0 |  0.254 |
0.8 0.2 0.5 plp-plp sys1
| Sum/Avg            |    9   4346 | 65.6   21.1   13.3    3.1   37.5  100.0 |  0.249 |
0.8 0.4 0.5 plp-plp sys1
| Sum/Avg            |    9   4346 | 65.3   20.5   14.2    2.9   37.6  100.0 |  0.246 |
0.8 0.7 0.5 plp-plp sys1
| Sum/Avg            |    9   4346 | 63.5   19.0   17.4    2.4   38.9  100.0 |  0.249 |
0.8 0.9 0.5 plp-plp sys1
| Sum/Avg            |    9   4346 | 63.5   19.0   17.5    2.4   38.9  100.0 |  0.249 |
0.3 0.2 0.5 plp-grph-plp sys1
| Sum/Avg            |    9   4346 | 63.4   21.4   15.1    2.9   39.5  100.0 |  0.265 |
0.3 0.4 0.5 plp-grph-plp sys1
| Sum/Avg            |    9   4346 | 62.4   20.6   17.0    2.7   40.2  100.0 |  0.277 |
0.3 0.7 0.5 plp-grph-plp sys1
| Sum/Avg            |    9   4346 | 62.4   20.3   17.3    2.6   40.3  100.0 |  0.277 |
0.3 0.9 0.5 plp-grph-plp sys1
| Sum/Avg            |    9   4346 | 62.4   20.3   17.3    2.6   40.3  100.0 |  0.277 |
0.5 0.2 0.5 plp-grph-plp sys1
| Sum/Avg            |    9   4346 | 65.4   21.4   13.1    3.3   37.9  100.0 |  0.256 |
0.5 0.4 0.5 plp-grph-plp sys1
| Sum/Avg            |    9   4346 | 63.7   19.3   17.0    2.7   39.0  100.0 |  0.257 |
0.5 0.7 0.5 plp-grph-plp sys1
| Sum/Avg            |    9   4346 | 63.6   19.1   17.2    2.7   39.0  100.0 |  0.256 |
0.5 0.9 0.5 plp-grph-plp sys1
| Sum/Avg            |    9   4346 | 63.6   19.1   17.2    2.7   39.0  100.0 |  0.256 |
0.6 0.2 0.5 plp-grph-plp sys1
| Sum/Avg            |    9   4346 | 65.8   21.1   13.1    3.3   37.5  100.0 |  0.253 |
0.6 0.4 0.5 plp-grph-plp sys1
| Sum/Avg            |    9   4346 | 64.7   19.4   15.8    2.7   37.9  100.0 |  0.247 |
0.6 0.7 0.5 plp-grph-plp sys1
| Sum/Avg            |    9   4346 | 63.9   18.7   17.4    2.6   38.7  100.0 |  0.250 |
0.6 0.9 0.5 plp-grph-plp sys1
| Sum/Avg            |    9   4346 | 63.9   18.7   17.4    2.6   38.7  100.0 |  0.250 |
0.8 0.2 0.5 plp-grph-plp sys1
| Sum/Avg            |    9   4346 | 65.5   21.1   13.3    3.0   37.5  100.0 |  0.249 |
0.8 0.4 0.5 plp-grph-plp sys1
| Sum/Avg            |    9   4346 | 65.2   20.3   14.4    2.9   37.6  100.0 |  0.244 |
0.8 0.7 0.5 plp-grph-plp sys1
| Sum/Avg            |    9   4346 | 63.6   18.7   17.7    2.4   38.8  100.0 |  0.246 |
0.8 0.9 0.5 plp-grph-plp sys1
| Sum/Avg            |    9   4346 | 63.6   18.7   17.7    2.4   38.8  100.0 |  0.246 |
0.3 0.2 0.5 plp-tandem sys1
| Sum/Avg            |    9   4346 | 64.9   21.5   13.6    3.3   38.4  100.0 |  0.273 |
0.3 0.4 0.5 plp-tandem sys1
| Sum/Avg            |    9   4346 | 64.5   20.7   14.9    3.2   38.7  100.0 |  0.276 |
0.3 0.7 0.5 plp-tandem sys1
| Sum/Avg            |    9   4346 | 64.2   20.3   15.6    3.0   38.9  100.0 |  0.277 |
0.3 0.9 0.5 plp-tandem sys1
| Sum/Avg            |    9   4346 | 64.2   20.3   15.6    3.0   38.9  100.0 |  0.277 |
0.5 0.2 0.5 plp-tandem sys1
| Sum/Avg            |    9   4346 | 66.1   21.4   12.6    3.4   37.3  100.0 |  0.265 |
0.5 0.4 0.5 plp-tandem sys1
| Sum/Avg            |    9   4346 | 65.1   19.8   15.1    3.0   37.9  100.0 |  0.263 |
0.5 0.7 0.5 plp-tandem sys1
| Sum/Avg            |    9   4346 | 64.9   19.5   15.6    2.9   38.1  100.0 |  0.263 |
0.5 0.9 0.5 plp-tandem sys1
| Sum/Avg            |    9   4346 | 64.9   19.5   15.6    2.9   38.1  100.0 |  0.263 |
0.6 0.2 0.5 plp-tandem sys1
| Sum/Avg            |    9   4346 | 66.0   21.3   12.7    3.3   37.3  100.0 |  0.270 |
0.6 0.4 0.5 plp-tandem sys1
| Sum/Avg            |    9   4346 | 65.1   19.8   15.1    2.9   37.8  100.0 |  0.265 |
0.6 0.7 0.5 plp-tandem sys1
| Sum/Avg            |    9   4346 | 64.8   19.3   15.9    2.9   38.1  100.0 |  0.266 |
0.6 0.9 0.5 plp-tandem sys1
| Sum/Avg            |    9   4346 | 64.8   19.3   15.9    2.9   38.1  100.0 |  0.266 |
0.8 0.2 0.5 plp-tandem sys1
| Sum/Avg            |    9   4346 | 65.6   21.1   13.3    3.0   37.4  100.0 |  0.255 |
0.8 0.4 0.5 plp-tandem sys1
| Sum/Avg            |    9   4346 | 65.4   20.4   14.2    2.9   37.5  100.0 |  0.251 |
0.8 0.7 0.5 plp-tandem sys1
| Sum/Avg            |    9   4346 | 64.6   19.3   16.1    2.7   38.1  100.0 |  0.251 |
0.8 0.9 0.5 plp-tandem sys1
| Sum/Avg            |    9   4346 | 64.6   19.3   16.1    2.7   38.1  100.0 |  0.251 |
0.3 0.2 0.5 plp-grph-tandem sys1
| Sum/Avg            |    9   4346 | 64.9   21.4   13.7    3.0   38.1  100.0 |  0.271 |
0.3 0.4 0.5 plp-grph-tandem sys1
| Sum/Avg            |    9   4346 | 64.3   20.5   15.2    2.9   38.6  100.0 |  0.276 |
0.3 0.7 0.5 plp-grph-tandem sys1
| Sum/Avg            |    9   4346 | 64.2   20.1   15.7    2.9   38.7  100.0 |  0.275 |
0.3 0.9 0.5 plp-grph-tandem sys1
| Sum/Avg            |    9   4346 | 64.2   20.1   15.7    2.9   38.7  100.0 |  0.275 |
0.5 0.2 0.5 plp-grph-tandem sys1
| Sum/Avg            |    9   4346 | 66.1   21.0   12.9    3.4   37.3  100.0 |  0.259 |
0.5 0.4 0.5 plp-grph-tandem sys1
| Sum/Avg            |    9   4346 | 65.0   19.5   15.5    2.9   38.0  100.0 |  0.257 |
0.5 0.7 0.5 plp-grph-tandem sys1
| Sum/Avg            |    9   4346 | 64.9   19.3   15.8    2.9   38.0  100.0 |  0.256 |
0.5 0.9 0.5 plp-grph-tandem sys1
| Sum/Avg            |    9   4346 | 64.9   19.3   15.8    2.9   38.0  100.0 |  0.256 |
0.6 0.2 0.5 plp-grph-tandem sys1
| Sum/Avg            |    9   4346 | 65.9   21.2   12.9    3.2   37.3  100.0 |  0.264 |
0.6 0.4 0.5 plp-grph-tandem sys1
| Sum/Avg            |    9   4346 | 65.2   20.0   14.8    2.7   37.6  100.0 |  0.260 |
0.6 0.7 0.5 plp-grph-tandem sys1
| Sum/Avg            |    9   4346 | 64.7   19.4   15.9    2.7   38.0  100.0 |  0.263 |
0.6 0.9 0.5 plp-grph-tandem sys1
| Sum/Avg            |    9   4346 | 64.7   19.4   15.9    2.7   38.0  100.0 |  0.263 |
0.8 0.2 0.5 plp-grph-tandem sys1
| Sum/Avg            |    9   4346 | 65.5   21.1   13.4    3.0   37.5  100.0 |  0.256 |
0.8 0.4 0.5 plp-grph-tandem sys1
| Sum/Avg            |    9   4346 | 65.3   20.7   14.0    2.8   37.6  100.0 |  0.255 |
0.8 0.7 0.5 plp-grph-tandem sys1
| Sum/Avg            |    9   4346 | 64.3   19.6   16.1    2.5   38.2  100.0 |  0.257 |
0.8 0.9 0.5 plp-grph-tandem sys1
| Sum/Avg            |    9   4346 | 64.3   19.6   16.1    2.5   38.2  100.0 |  0.256 |
0.3 0.2 0.5 plp-hybrid sys1
| Sum/Avg            |    9   4346 | 65.2   21.1   13.8    3.1   37.9  100.0 |  0.268 |
0.3 0.4 0.5 plp-hybrid sys1
| Sum/Avg            |    9   4346 | 64.6   20.2   15.2    2.9   38.3  100.0 |  0.270 |
0.3 0.7 0.5 plp-hybrid sys1
| Sum/Avg            |    9   4346 | 64.5   19.7   15.8    2.9   38.4  100.0 |  0.269 |
0.3 0.9 0.5 plp-hybrid sys1
| Sum/Avg            |    9   4346 | 64.5   19.7   15.8    2.9   38.4  100.0 |  0.269 |
0.5 0.2 0.5 plp-hybrid sys1
| Sum/Avg            |    9   4346 | 66.0   21.2   12.8    3.3   37.2  100.0 |  0.265 |
0.5 0.4 0.5 plp-hybrid sys1
| Sum/Avg            |    9   4346 | 65.1   19.6   15.3    2.8   37.7  100.0 |  0.260 |
0.5 0.7 0.5 plp-hybrid sys1
| Sum/Avg            |    9   4346 | 65.0   19.2   15.8    2.8   37.8  100.0 |  0.258 |
0.5 0.9 0.5 plp-hybrid sys1
| Sum/Avg            |    9   4346 | 65.0   19.2   15.8    2.8   37.8  100.0 |  0.258 |
0.6 0.2 0.5 plp-hybrid sys1
| Sum/Avg            |    9   4346 | 65.9   21.1   13.0    3.3   37.4  100.0 |  0.271 |
0.6 0.4 0.5 plp-hybrid sys1
| Sum/Avg            |    9   4346 | 65.2   19.7   15.0    2.8   37.6  100.0 |  0.267 |
0.6 0.7 0.5 plp-hybrid sys1
| Sum/Avg            |    9   4346 | 64.7   19.1   16.2    2.7   38.0  100.0 |  0.267 |
0.6 0.9 0.5 plp-hybrid sys1
| Sum/Avg            |    9   4346 | 64.7   19.1   16.2    2.7   38.0  100.0 |  0.267 |
0.8 0.2 0.5 plp-hybrid sys1
| Sum/Avg            |    9   4346 | 65.6   21.0   13.4    3.0   37.5  100.0 |  0.263 |
0.8 0.4 0.5 plp-hybrid sys1
| Sum/Avg            |    9   4346 | 65.4   20.5   14.1    2.9   37.6  100.0 |  0.262 |
0.8 0.7 0.5 plp-hybrid sys1
| Sum/Avg            |    9   4346 | 64.5   19.2   16.4    2.6   38.2  100.0 |  0.260 |
0.8 0.9 0.5 plp-hybrid sys1
| Sum/Avg            |    9   4346 | 64.4   19.2   16.4    2.6   38.2  100.0 |  0.261 |
0.3 0.2 0.5 plp-grph-hybrid sys1
| Sum/Avg            |    9   4346 | 65.0   20.9   14.2    2.9   38.0  100.0 |  0.272 |
0.3 0.4 0.5 plp-grph-hybrid sys1
| Sum/Avg            |    9   4346 | 64.6   20.2   15.2    2.9   38.3  100.0 |  0.274 |
0.3 0.7 0.5 plp-grph-hybrid sys1
| Sum/Avg            |    9   4346 | 64.5   20.1   15.3    2.8   38.3  100.0 |  0.274 |
0.3 0.9 0.5 plp-grph-hybrid sys1
| Sum/Avg            |    9   4346 | 64.5   20.1   15.3    2.8   38.3  100.0 |  0.274 |
0.5 0.2 0.5 plp-grph-hybrid sys1
| Sum/Avg            |    9   4346 | 65.9   20.9   13.2    3.2   37.3  100.0 |  0.256 |
0.5 0.4 0.5 plp-grph-hybrid sys1
| Sum/Avg            |    9   4346 | 65.1   19.7   15.2    2.9   37.8  100.0 |  0.255 |
0.5 0.7 0.5 plp-grph-hybrid sys1
| Sum/Avg            |    9   4346 | 65.1   19.6   15.3    2.8   37.8  100.0 |  0.254 |
0.5 0.9 0.5 plp-grph-hybrid sys1
| Sum/Avg            |    9   4346 | 65.1   19.6   15.3    2.8   37.8  100.0 |  0.254 |
0.6 0.2 0.5 plp-grph-hybrid sys1
| Sum/Avg            |    9   4346 | 65.8   21.0   13.2    3.1   37.3  100.0 |  0.263 |
0.6 0.4 0.5 plp-grph-hybrid sys1
| Sum/Avg            |    9   4346 | 65.2   20.0   14.8    2.7   37.6  100.0 |  0.259 |
0.6 0.7 0.5 plp-grph-hybrid sys1
| Sum/Avg            |    9   4346 | 64.8   19.6   15.6    2.7   37.9  100.0 |  0.259 |
0.6 0.9 0.5 plp-grph-hybrid sys1
| Sum/Avg            |    9   4346 | 64.8   19.6   15.6    2.7   37.9  100.0 |  0.259 |
0.8 0.2 0.5 plp-grph-hybrid sys1
| Sum/Avg            |    9   4346 | 65.5   21.1   13.4    3.0   37.5  100.0 |  0.257 |
0.8 0.4 0.5 plp-grph-hybrid sys1
| Sum/Avg            |    9   4346 | 65.3   20.6   14.1    2.8   37.6  100.0 |  0.256 |
0.8 0.7 0.5 plp-grph-hybrid sys1
| Sum/Avg            |    9   4346 | 64.6   19.7   15.8    2.6   38.1  100.0 |  0.255 |
0.8 0.9 0.5 plp-grph-hybrid sys1
| Sum/Avg            |    9   4346 | 64.6   19.7   15.8    2.6   38.1  100.0 |  0.255 |
0.3 0.2 0.5 grph-plp-plp sys1
| Sum/Avg            |    9   4346 | 62.1   23.4   14.4    2.8   40.7  100.0 |  0.301 |
0.3 0.4 0.5 grph-plp-plp sys1
| Sum/Avg            |    9   4346 | 61.1   22.2   16.8    2.5   41.4  100.0 |  0.314 |
0.3 0.7 0.5 grph-plp-plp sys1
| Sum/Avg            |    9   4346 | 61.0   22.0   17.0    2.5   41.4  100.0 |  0.313 |
0.3 0.9 0.5 grph-plp-plp sys1
| Sum/Avg            |    9   4346 | 61.0   22.0   17.0    2.5   41.4  100.0 |  0.313 |
0.5 0.2 0.5 grph-plp-plp sys1
| Sum/Avg            |    9   4346 | 65.4   21.8   12.8    3.4   38.0  100.0 |  0.260 |
0.5 0.4 0.5 grph-plp-plp sys1
| Sum/Avg            |    9   4346 | 63.3   19.7   17.0    2.6   39.3  100.0 |  0.267 |
0.5 0.7 0.5 grph-plp-plp sys1
| Sum/Avg            |    9   4346 | 63.2   19.7   17.1    2.6   39.3  100.0 |  0.268 |
0.5 0.9 0.5 grph-plp-plp sys1
| Sum/Avg            |    9   4346 | 63.2   19.7   17.1    2.6   39.3  100.0 |  0.268 |
0.6 0.2 0.5 grph-plp-plp sys1
| Sum/Avg            |    9   4346 | 65.8   21.5   12.7    3.3   37.5  100.0 |  0.257 |
0.6 0.4 0.5 grph-plp-plp sys1
| Sum/Avg            |    9   4346 | 64.5   20.0   15.5    2.6   38.2  100.0 |  0.255 |
0.6 0.7 0.5 grph-plp-plp sys1
| Sum/Avg            |    9   4346 | 63.5   19.4   17.1    2.5   39.0  100.0 |  0.262 |
0.6 0.9 0.5 grph-plp-plp sys1
| Sum/Avg            |    9   4346 | 63.5   19.4   17.1    2.5   39.0  100.0 |  0.262 |
0.8 0.2 0.5 grph-plp-plp sys1
| Sum/Avg            |    9   4346 | 65.5   21.0   13.5    3.0   37.5  100.0 |  0.250 |
0.8 0.4 0.5 grph-plp-plp sys1
| Sum/Avg            |    9   4346 | 65.2   20.3   14.5    2.8   37.6  100.0 |  0.247 |
0.8 0.7 0.5 grph-plp-plp sys1
| Sum/Avg            |    9   4346 | 63.1   18.8   18.1    2.4   39.3  100.0 |  0.255 |
0.8 0.9 0.5 grph-plp-plp sys1
| Sum/Avg            |    9   4346 | 63.1   18.8   18.1    2.4   39.3  100.0 |  0.255 |
0.3 0.2 0.5 grph-plp-grph-plp sys1
| Sum/Avg            |    9   4346 | 61.3   23.6   15.1    3.1   41.8  100.0 |  0.300 |
0.3 0.4 0.5 grph-plp-grph-plp sys1
| Sum/Avg            |    9   4346 | 60.1   22.1   17.7    2.5   42.3  100.0 |  0.310 |
0.3 0.7 0.5 grph-plp-grph-plp sys1
| Sum/Avg            |    9   4346 | 60.1   21.7   18.2    2.5   42.4  100.0 |  0.310 |
0.3 0.9 0.5 grph-plp-grph-plp sys1
| Sum/Avg            |    9   4346 | 60.1   21.7   18.2    2.5   42.4  100.0 |  0.310 |
0.5 0.2 0.5 grph-plp-grph-plp sys1
| Sum/Avg            |    9   4346 | 65.0   22.0   13.0    3.6   38.6  100.0 |  0.258 |
0.5 0.4 0.5 grph-plp-grph-plp sys1
| Sum/Avg            |    9   4346 | 62.4   19.5   18.1    2.6   40.2  100.0 |  0.266 |
0.5 0.7 0.5 grph-plp-grph-plp sys1
| Sum/Avg            |    9   4346 | 62.3   19.3   18.4    2.6   40.2  100.0 |  0.265 |
0.5 0.9 0.5 grph-plp-grph-plp sys1
| Sum/Avg            |    9   4346 | 62.3   19.3   18.4    2.6   40.2  100.0 |  0.265 |
0.6 0.2 0.5 grph-plp-grph-plp sys1
| Sum/Avg            |    9   4346 | 65.6   21.6   12.8    3.5   37.9  100.0 |  0.255 |
0.6 0.4 0.5 grph-plp-grph-plp sys1
| Sum/Avg            |    9   4346 | 64.0   19.5   16.5    2.8   38.8  100.0 |  0.251 |
0.6 0.7 0.5 grph-plp-grph-plp sys1
| Sum/Avg            |    9   4346 | 62.9   18.8   18.3    2.6   39.7  100.0 |  0.256 |
0.6 0.9 0.5 grph-plp-grph-plp sys1
| Sum/Avg            |    9   4346 | 62.9   18.8   18.3    2.6   39.7  100.0 |  0.256 |
0.8 0.2 0.5 grph-plp-grph-plp sys1
| Sum/Avg            |    9   4346 | 65.5   21.1   13.5    3.0   37.5  100.0 |  0.245 |
0.8 0.4 0.5 grph-plp-grph-plp sys1
| Sum/Avg            |    9   4346 | 65.2   20.1   14.7    2.8   37.6  100.0 |  0.240 |
0.8 0.7 0.5 grph-plp-grph-plp sys1
| Sum/Avg            |    9   4346 | 62.8   18.2   19.0    2.4   39.6  100.0 |  0.248 |
0.8 0.9 0.5 grph-plp-grph-plp sys1
| Sum/Avg            |    9   4346 | 62.7   18.2   19.0    2.4   39.7  100.0 |  0.248 |
0.3 0.2 0.5 grph-plp-tandem sys1
| Sum/Avg            |    9   4346 | 64.0   22.4   13.6    3.2   39.2  100.0 |  0.303 |
0.3 0.4 0.5 grph-plp-tandem sys1
| Sum/Avg            |    9   4346 | 63.1   21.1   15.9    2.8   39.7  100.0 |  0.308 |
0.3 0.7 0.5 grph-plp-tandem sys1
| Sum/Avg            |    9   4346 | 62.9   20.8   16.3    2.7   39.8  100.0 |  0.308 |
0.3 0.9 0.5 grph-plp-tandem sys1
| Sum/Avg            |    9   4346 | 62.9   20.8   16.3    2.7   39.8  100.0 |  0.308 |
0.5 0.2 0.5 grph-plp-tandem sys1
| Sum/Avg            |    9   4346 | 66.0   21.4   12.6    3.3   37.3  100.0 |  0.269 |
0.5 0.4 0.5 grph-plp-tandem sys1
| Sum/Avg            |    9   4346 | 64.5   19.5   16.0    2.7   38.2  100.0 |  0.268 |
0.5 0.7 0.5 grph-plp-tandem sys1
| Sum/Avg            |    9   4346 | 64.4   19.4   16.2    2.7   38.3  100.0 |  0.268 |
0.5 0.9 0.5 grph-plp-tandem sys1
| Sum/Avg            |    9   4346 | 64.4   19.4   16.2    2.7   38.3  100.0 |  0.268 |
0.6 0.2 0.5 grph-plp-tandem sys1
| Sum/Avg            |    9   4346 | 66.0   21.4   12.7    3.3   37.3  100.0 |  0.270 |
0.6 0.4 0.5 grph-plp-tandem sys1
| Sum/Avg            |    9   4346 | 65.0   19.8   15.2    2.8   37.8  100.0 |  0.264 |
0.6 0.7 0.5 grph-plp-tandem sys1
| Sum/Avg            |    9   4346 | 64.4   19.3   16.3    2.7   38.3  100.0 |  0.267 |
0.6 0.9 0.5 grph-plp-tandem sys1
| Sum/Avg            |    9   4346 | 64.4   19.3   16.3    2.7   38.3  100.0 |  0.267 |
0.8 0.2 0.5 grph-plp-tandem sys1
| Sum/Avg            |    9   4346 | 65.5   21.1   13.4    3.0   37.5  100.0 |  0.263 |
0.8 0.4 0.5 grph-plp-tandem sys1
| Sum/Avg            |    9   4346 | 65.3   20.5   14.2    2.8   37.5  100.0 |  0.260 |
0.8 0.7 0.5 grph-plp-tandem sys1
| Sum/Avg            |    9   4346 | 64.0   19.1   16.8    2.6   38.5  100.0 |  0.262 |
0.8 0.9 0.5 grph-plp-tandem sys1
| Sum/Avg            |    9   4346 | 64.0   19.1   16.9    2.6   38.6  100.0 |  0.262 |
0.3 0.2 0.5 grph-plp-grph-tandem sys1
| Sum/Avg            |    9   4346 | 63.8   22.4   13.8    3.1   39.3  100.0 |  0.301 |
0.3 0.4 0.5 grph-plp-grph-tandem sys1
| Sum/Avg            |    9   4346 | 63.0   21.1   15.9    2.6   39.7  100.0 |  0.303 |
0.3 0.7 0.5 grph-plp-grph-tandem sys1
| Sum/Avg            |    9   4346 | 62.9   20.8   16.3    2.6   39.7  100.0 |  0.302 |
0.3 0.9 0.5 grph-plp-grph-tandem sys1
| Sum/Avg            |    9   4346 | 62.9   20.8   16.3    2.6   39.7  100.0 |  0.302 |
0.5 0.2 0.5 grph-plp-grph-tandem sys1
| Sum/Avg            |    9   4346 | 65.8   21.4   12.8    3.3   37.5  100.0 |  0.263 |
0.5 0.4 0.5 grph-plp-grph-tandem sys1
| Sum/Avg            |    9   4346 | 64.3   19.5   16.2    2.6   38.4  100.0 |  0.263 |
0.5 0.7 0.5 grph-plp-grph-tandem sys1
| Sum/Avg            |    9   4346 | 64.2   19.4   16.4    2.6   38.4  100.0 |  0.263 |
0.5 0.9 0.5 grph-plp-grph-tandem sys1
| Sum/Avg            |    9   4346 | 64.2   19.4   16.4    2.6   38.4  100.0 |  0.263 |
0.6 0.2 0.5 grph-plp-grph-tandem sys1
| Sum/Avg            |    9   4346 | 65.7   21.5   12.8    3.2   37.4  100.0 |  0.265 |
0.6 0.4 0.5 grph-plp-grph-tandem sys1
| Sum/Avg            |    9   4346 | 64.7   19.9   15.4    2.8   38.0  100.0 |  0.262 |
0.6 0.7 0.5 grph-plp-grph-tandem sys1
| Sum/Avg            |    9   4346 | 64.1   19.5   16.4    2.6   38.5  100.0 |  0.266 |
0.6 0.9 0.5 grph-plp-grph-tandem sys1
| Sum/Avg            |    9   4346 | 64.1   19.5   16.4    2.6   38.5  100.0 |  0.266 |
0.8 0.2 0.5 grph-plp-grph-tandem sys1
| Sum/Avg            |    9   4346 | 65.5   21.1   13.4    3.0   37.5  100.0 |  0.257 |
0.8 0.4 0.5 grph-plp-grph-tandem sys1
| Sum/Avg            |    9   4346 | 65.2   20.5   14.3    2.8   37.6  100.0 |  0.255 |
0.8 0.7 0.5 grph-plp-grph-tandem sys1
| Sum/Avg            |    9   4346 | 63.9   19.3   16.8    2.5   38.7  100.0 |  0.260 |
0.8 0.9 0.5 grph-plp-grph-tandem sys1
| Sum/Avg            |    9   4346 | 63.8   19.3   16.9    2.5   38.7  100.0 |  0.260 |
0.3 0.2 0.5 grph-plp-hybrid sys1
| Sum/Avg            |    9   4346 | 63.6   21.7   14.7    3.0   39.5  100.0 |  0.294 |
0.3 0.4 0.5 grph-plp-hybrid sys1
| Sum/Avg            |    9   4346 | 62.7   20.3   16.9    2.7   40.0  100.0 |  0.293 |
0.3 0.7 0.5 grph-plp-hybrid sys1
| Sum/Avg            |    9   4346 | 62.6   20.2   17.2    2.6   40.0  100.0 |  0.294 |
0.3 0.9 0.5 grph-plp-hybrid sys1
| Sum/Avg            |    9   4346 | 62.6   20.2   17.2    2.6   40.0  100.0 |  0.294 |
0.5 0.2 0.5 grph-plp-hybrid sys1
| Sum/Avg            |    9   4346 | 65.9   21.2   12.8    3.4   37.4  100.0 |  0.264 |
0.5 0.4 0.5 grph-plp-hybrid sys1
| Sum/Avg            |    9   4346 | 64.3   18.9   16.8    2.7   38.4  100.0 |  0.258 |
0.5 0.7 0.5 grph-plp-hybrid sys1
| Sum/Avg            |    9   4346 | 64.1   18.8   17.1    2.7   38.6  100.0 |  0.256 |
0.5 0.9 0.5 grph-plp-hybrid sys1
| Sum/Avg            |    9   4346 | 64.1   18.8   17.1    2.7   38.6  100.0 |  0.256 |
0.6 0.2 0.5 grph-plp-hybrid sys1
| Sum/Avg            |    9   4346 | 65.9   21.3   12.8    3.3   37.4  100.0 |  0.267 |
0.6 0.4 0.5 grph-plp-hybrid sys1
| Sum/Avg            |    9   4346 | 64.7   19.5   15.8    2.7   38.0  100.0 |  0.263 |
0.6 0.7 0.5 grph-plp-hybrid sys1
| Sum/Avg            |    9   4346 | 64.0   18.9   17.1    2.6   38.6  100.0 |  0.263 |
0.6 0.9 0.5 grph-plp-hybrid sys1
| Sum/Avg            |    9   4346 | 64.0   18.9   17.1    2.6   38.6  100.0 |  0.263 |
0.8 0.2 0.5 grph-plp-hybrid sys1
| Sum/Avg            |    9   4346 | 65.5   21.0   13.5    3.0   37.5  100.0 |  0.261 |
0.8 0.4 0.5 grph-plp-hybrid sys1
| Sum/Avg            |    9   4346 | 65.2   20.3   14.5    2.9   37.6  100.0 |  0.259 |
0.8 0.7 0.5 grph-plp-hybrid sys1
| Sum/Avg            |    9   4346 | 63.8   18.6   17.6    2.6   38.8  100.0 |  0.261 |
0.8 0.9 0.5 grph-plp-hybrid sys1
| Sum/Avg            |    9   4346 | 63.7   18.6   17.6    2.5   38.8  100.0 |  0.261 |
0.3 0.2 0.5 grph-plp-grph-hybrid sys1
| Sum/Avg            |    9   4346 | 63.7   21.7   14.6    3.1   39.4  100.0 |  0.284 |
0.3 0.4 0.5 grph-plp-grph-hybrid sys1
| Sum/Avg            |    9   4346 | 63.1   20.7   16.2    2.8   39.7  100.0 |  0.285 |
0.3 0.7 0.5 grph-plp-grph-hybrid sys1
| Sum/Avg            |    9   4346 | 63.1   20.6   16.3    2.8   39.7  100.0 |  0.285 |
0.3 0.9 0.5 grph-plp-grph-hybrid sys1
| Sum/Avg            |    9   4346 | 63.1   20.6   16.3    2.8   39.7  100.0 |  0.285 |
0.5 0.2 0.5 grph-plp-grph-hybrid sys1
| Sum/Avg            |    9   4346 | 65.7   21.0   13.3    3.4   37.7  100.0 |  0.255 |
0.5 0.4 0.5 grph-plp-grph-hybrid sys1
| Sum/Avg            |    9   4346 | 64.2   19.6   16.2    2.8   38.6  100.0 |  0.259 |
0.5 0.7 0.5 grph-plp-grph-hybrid sys1
| Sum/Avg            |    9   4346 | 64.1   19.6   16.3    2.8   38.7  100.0 |  0.260 |
0.5 0.9 0.5 grph-plp-grph-hybrid sys1
| Sum/Avg            |    9   4346 | 64.1   19.6   16.3    2.8   38.7  100.0 |  0.260 |
0.6 0.2 0.5 grph-plp-grph-hybrid sys1
| Sum/Avg            |    9   4346 | 65.6   21.2   13.2    3.2   37.6  100.0 |  0.257 |
0.6 0.4 0.5 grph-plp-grph-hybrid sys1
| Sum/Avg            |    9   4346 | 64.6   20.1   15.3    2.8   38.2  100.0 |  0.257 |
0.6 0.7 0.5 grph-plp-grph-hybrid sys1
| Sum/Avg            |    9   4346 | 64.0   19.7   16.2    2.7   38.7  100.0 |  0.260 |
0.6 0.9 0.5 grph-plp-grph-hybrid sys1
| Sum/Avg            |    9   4346 | 64.0   19.7   16.2    2.7   38.7  100.0 |  0.260 |
0.8 0.2 0.5 grph-plp-grph-hybrid sys1
| Sum/Avg            |    9   4346 | 65.5   21.0   13.5    3.0   37.5  100.0 |  0.249 |
0.8 0.4 0.5 grph-plp-grph-hybrid sys1
| Sum/Avg            |    9   4346 | 65.3   20.4   14.3    2.9   37.6  100.0 |  0.246 |
0.8 0.7 0.5 grph-plp-grph-hybrid sys1
| Sum/Avg            |    9   4346 | 63.9   19.4   16.7    2.6   38.6  100.0 |  0.250 |
0.8 0.9 0.5 grph-plp-grph-hybrid sys1
| Sum/Avg            |    9   4346 | 63.9   19.4   16.7    2.6   38.7  100.0 |  0.250 |
0.3 0.2 0.5 tandem-plp sys1
| Sum/Avg            |    9   4346 | 63.5   22.8   13.7    2.9   39.3  100.0 |  0.255 |
0.3 0.4 0.5 tandem-plp sys1
| Sum/Avg            |    9   4346 | 62.8   21.9   15.3    2.7   39.9  100.0 |  0.262 |
0.3 0.7 0.5 tandem-plp sys1
| Sum/Avg            |    9   4346 | 62.7   21.5   15.9    2.7   40.1  100.0 |  0.262 |
0.3 0.9 0.5 tandem-plp sys1
| Sum/Avg            |    9   4346 | 62.7   21.5   15.9    2.7   40.1  100.0 |  0.262 |
0.5 0.2 0.5 tandem-plp sys1
| Sum/Avg            |    9   4346 | 65.0   22.7   12.3    3.2   38.3  100.0 |  0.267 |
0.5 0.4 0.5 tandem-plp sys1
| Sum/Avg            |    9   4346 | 63.7   20.7   15.6    2.8   39.1  100.0 |  0.265 |
0.5 0.7 0.5 tandem-plp sys1
| Sum/Avg            |    9   4346 | 63.6   20.5   15.8    2.8   39.2  100.0 |  0.263 |
0.5 0.9 0.5 tandem-plp sys1
| Sum/Avg            |    9   4346 | 63.6   20.5   15.8    2.8   39.2  100.0 |  0.263 |
0.6 0.2 0.5 tandem-plp sys1
| Sum/Avg            |    9   4346 | 65.7   21.7   12.6    3.3   37.6  100.0 |  0.254 |
0.6 0.4 0.5 tandem-plp sys1
| Sum/Avg            |    9   4346 | 64.8   20.2   15.0    2.8   38.0  100.0 |  0.246 |
0.6 0.7 0.5 tandem-plp sys1
| Sum/Avg            |    9   4346 | 64.2   19.7   16.1    2.8   38.6  100.0 |  0.248 |
0.6 0.9 0.5 tandem-plp sys1
| Sum/Avg            |    9   4346 | 64.2   19.7   16.1    2.8   38.6  100.0 |  0.248 |
0.8 0.2 0.5 tandem-plp sys1
| Sum/Avg            |    9   4346 | 65.6   21.1   13.4    3.1   37.6  100.0 |  0.241 |
0.8 0.4 0.5 tandem-plp sys1
| Sum/Avg            |    9   4346 | 65.3   20.4   14.2    3.0   37.7  100.0 |  0.236 |
0.8 0.7 0.5 tandem-plp sys1
| Sum/Avg            |    9   4346 | 64.2   19.1   16.7    2.8   38.5  100.0 |  0.235 |
0.8 0.9 0.5 tandem-plp sys1
| Sum/Avg            |    9   4346 | 64.2   19.1   16.7    2.8   38.5  100.0 |  0.235 |
0.3 0.2 0.5 tandem-grph-plp sys1
| Sum/Avg            |    9   4346 | 63.1   22.2   14.8    2.9   39.8  100.0 |  0.251 |
0.3 0.4 0.5 tandem-grph-plp sys1
| Sum/Avg            |    9   4346 | 62.4   21.4   16.3    2.7   40.4  100.0 |  0.260 |
0.3 0.7 0.5 tandem-grph-plp sys1
| Sum/Avg            |    9   4346 | 62.3   20.9   16.9    2.6   40.4  100.0 |  0.258 |
0.3 0.9 0.5 tandem-grph-plp sys1
| Sum/Avg            |    9   4346 | 62.3   20.9   16.9    2.6   40.4  100.0 |  0.258 |
0.5 0.2 0.5 tandem-grph-plp sys1
| Sum/Avg            |    9   4346 | 64.6   22.4   13.0    3.3   38.7  100.0 |  0.265 |
0.5 0.4 0.5 tandem-grph-plp sys1
| Sum/Avg            |    9   4346 | 63.2   20.3   16.5    2.7   39.4  100.0 |  0.260 |
0.5 0.7 0.5 tandem-grph-plp sys1
| Sum/Avg            |    9   4346 | 63.1   20.1   16.8    2.6   39.6  100.0 |  0.259 |
0.5 0.9 0.5 tandem-grph-plp sys1
| Sum/Avg            |    9   4346 | 63.1   20.1   16.8    2.6   39.6  100.0 |  0.259 |
0.6 0.2 0.5 tandem-grph-plp sys1
| Sum/Avg            |    9   4346 | 65.4   21.8   12.8    3.5   38.1  100.0 |  0.261 |
0.6 0.4 0.5 tandem-grph-plp sys1
| Sum/Avg            |    9   4346 | 64.5   20.0   15.5    2.6   38.2  100.0 |  0.246 |
0.6 0.7 0.5 tandem-grph-plp sys1
| Sum/Avg            |    9   4346 | 63.7   19.5   16.7    2.6   38.8  100.0 |  0.250 |
0.6 0.9 0.5 tandem-grph-plp sys1
| Sum/Avg            |    9   4346 | 63.7   19.5   16.7    2.6   38.8  100.0 |  0.250 |
0.8 0.2 0.5 tandem-grph-plp sys1
| Sum/Avg            |    9   4346 | 65.5   21.1   13.4    3.0   37.5  100.0 |  0.235 |
0.8 0.4 0.5 tandem-grph-plp sys1
| Sum/Avg            |    9   4346 | 65.3   20.5   14.3    2.9   37.7  100.0 |  0.233 |
0.8 0.7 0.5 tandem-grph-plp sys1
| Sum/Avg            |    9   4346 | 64.0   19.0   17.0    2.5   38.4  100.0 |  0.231 |
0.8 0.9 0.5 tandem-grph-plp sys1
| Sum/Avg            |    9   4346 | 64.0   19.0   17.0    2.5   38.5  100.0 |  0.231 |
0.3 0.2 0.5 tandem-tandem sys1
| Sum/Avg            |    9   4346 | 64.7   23.3   12.0    3.5   38.8  100.0 |  0.221 |
0.3 0.4 0.5 tandem-tandem sys1
| Sum/Avg            |    9   4346 | 64.5   22.8   12.8    3.2   38.7  100.0 |  0.221 |
0.3 0.7 0.5 tandem-tandem sys1
| Sum/Avg            |    9   4346 | 64.0   21.7   14.4    2.8   38.9  100.0 |  0.221 |
0.3 0.9 0.5 tandem-tandem sys1
| Sum/Avg            |    9   4346 | 64.0   21.7   14.4    2.8   38.9  100.0 |  0.221 |
0.5 0.2 0.5 tandem-tandem sys1
| Sum/Avg            |    9   4346 | 65.6   22.9   11.5    3.7   38.1  100.0 |  0.239 |
0.5 0.4 0.5 tandem-tandem sys1
| Sum/Avg            |    9   4346 | 64.8   21.5   13.7    3.0   38.2  100.0 |  0.234 |
0.5 0.7 0.5 tandem-tandem sys1
| Sum/Avg            |    9   4346 | 64.6   21.0   14.5    2.8   38.2  100.0 |  0.231 |
0.5 0.9 0.5 tandem-tandem sys1
| Sum/Avg            |    9   4346 | 64.6   21.0   14.5    2.8   38.2  100.0 |  0.231 |
0.6 0.2 0.5 tandem-tandem sys1
| Sum/Avg            |    9   4346 | 66.0   22.4   11.6    3.7   37.7  100.0 |  0.240 |
0.6 0.4 0.5 tandem-tandem sys1
| Sum/Avg            |    9   4346 | 65.2   20.6   14.1    2.9   37.6  100.0 |  0.224 |
0.6 0.7 0.5 tandem-tandem sys1
| Sum/Avg            |    9   4346 | 65.1   20.4   14.5    2.8   37.7  100.0 |  0.224 |
0.6 0.9 0.5 tandem-tandem sys1
| Sum/Avg            |    9   4346 | 65.1   20.4   14.5    2.8   37.7  100.0 |  0.224 |
0.8 0.2 0.5 tandem-tandem sys1
| Sum/Avg            |    9   4346 | 65.6   21.1   13.3    3.1   37.5  100.0 |  0.218 |
0.8 0.4 0.5 tandem-tandem sys1
| Sum/Avg            |    9   4346 | 65.4   20.7   13.9    3.0   37.6  100.0 |  0.215 |
0.8 0.7 0.5 tandem-tandem sys1
| Sum/Avg            |    9   4346 | 65.1   20.0   14.9    2.8   37.8  100.0 |  0.213 |
0.8 0.9 0.5 tandem-tandem sys1
| Sum/Avg            |    9   4346 | 65.1   20.0   14.9    2.8   37.8  100.0 |  0.213 |
0.3 0.2 0.5 tandem-grph-tandem sys1
| Sum/Avg            |    9   4346 | 65.1   22.3   12.6    3.2   38.0  100.0 |  0.215 |
0.3 0.4 0.5 tandem-grph-tandem sys1
| Sum/Avg            |    9   4346 | 64.9   21.7   13.4    3.1   38.2  100.0 |  0.216 |
0.3 0.7 0.5 tandem-grph-tandem sys1
| Sum/Avg            |    9   4346 | 64.7   20.9   14.4    2.9   38.3  100.0 |  0.214 |
0.3 0.9 0.5 tandem-grph-tandem sys1
| Sum/Avg            |    9   4346 | 64.7   20.9   14.4    2.9   38.3  100.0 |  0.214 |
0.5 0.2 0.5 tandem-grph-tandem sys1
| Sum/Avg            |    9   4346 | 65.8   22.0   12.2    3.4   37.5  100.0 |  0.226 |
0.5 0.4 0.5 tandem-grph-tandem sys1
| Sum/Avg            |    9   4346 | 65.3   20.7   14.0    2.9   37.6  100.0 |  0.217 |
0.5 0.7 0.5 tandem-grph-tandem sys1
| Sum/Avg            |    9   4346 | 65.2   20.3   14.5    2.9   37.8  100.0 |  0.216 |
0.5 0.9 0.5 tandem-grph-tandem sys1
| Sum/Avg            |    9   4346 | 65.2   20.3   14.5    2.9   37.8  100.0 |  0.216 |
0.6 0.2 0.5 tandem-grph-tandem sys1
| Sum/Avg            |    9   4346 | 65.8   22.0   12.2    3.3   37.5  100.0 |  0.228 |
0.6 0.4 0.5 tandem-grph-tandem sys1
| Sum/Avg            |    9   4346 | 65.3   20.5   14.2    2.9   37.6  100.0 |  0.216 |
0.6 0.7 0.5 tandem-grph-tandem sys1
| Sum/Avg            |    9   4346 | 65.1   20.4   14.5    2.9   37.8  100.0 |  0.218 |
0.6 0.9 0.5 tandem-grph-tandem sys1
| Sum/Avg            |    9   4346 | 65.1   20.4   14.5    2.9   37.8  100.0 |  0.218 |
0.8 0.2 0.5 tandem-grph-tandem sys1
| Sum/Avg            |    9   4346 | 65.6   21.1   13.3    3.0   37.5  100.0 |  0.211 |
0.8 0.4 0.5 tandem-grph-tandem sys1
| Sum/Avg            |    9   4346 | 65.4   20.8   13.8    2.9   37.5  100.0 |  0.210 |
0.8 0.7 0.5 tandem-grph-tandem sys1
| Sum/Avg            |    9   4346 | 65.0   20.3   14.6    2.8   37.8  100.0 |  0.208 |
0.8 0.9 0.5 tandem-grph-tandem sys1
| Sum/Avg            |    9   4346 | 65.0   20.3   14.6    2.8   37.8  100.0 |  0.208 |
0.3 0.2 0.5 tandem-hybrid sys1
| Sum/Avg            |    9   4346 | 65.7   20.8   13.4    3.2   37.5  100.0 |  0.204 |
0.3 0.4 0.5 tandem-hybrid sys1
| Sum/Avg            |    9   4346 | 65.1   20.2   14.7    3.0   37.9  100.0 |  0.208 |
0.3 0.7 0.5 tandem-hybrid sys1
| Sum/Avg            |    9   4346 | 64.8   19.4   15.7    2.9   38.0  100.0 |  0.207 |
0.3 0.9 0.5 tandem-hybrid sys1
| Sum/Avg            |    9   4346 | 64.8   19.4   15.7    2.9   38.0  100.0 |  0.207 |
0.5 0.2 0.5 tandem-hybrid sys1
| Sum/Avg            |    9   4346 | 66.0   21.6   12.4    3.3   37.3  100.0 |  0.233 |
0.5 0.4 0.5 tandem-hybrid sys1
| Sum/Avg            |    9   4346 | 65.3   19.9   14.9    3.0   37.8  100.0 |  0.224 |
0.5 0.7 0.5 tandem-hybrid sys1
| Sum/Avg            |    9   4346 | 64.9   19.3   15.8    2.9   38.0  100.0 |  0.222 |
0.5 0.9 0.5 tandem-hybrid sys1
| Sum/Avg            |    9   4346 | 64.9   19.3   15.8    2.9   38.0  100.0 |  0.222 |
0.6 0.2 0.5 tandem-hybrid sys1
| Sum/Avg            |    9   4346 | 65.8   21.7   12.5    3.3   37.5  100.0 |  0.242 |
0.6 0.4 0.5 tandem-hybrid sys1
| Sum/Avg            |    9   4346 | 65.4   19.9   14.7    2.9   37.6  100.0 |  0.229 |
0.6 0.7 0.5 tandem-hybrid sys1
| Sum/Avg            |    9   4346 | 64.8   19.5   15.7    2.9   38.0  100.0 |  0.231 |
0.6 0.9 0.5 tandem-hybrid sys1
| Sum/Avg            |    9   4346 | 64.8   19.5   15.7    2.9   38.0  100.0 |  0.231 |
0.8 0.2 0.5 tandem-hybrid sys1
| Sum/Avg            |    9   4346 | 65.5   21.1   13.4    3.0   37.5  100.0 |  0.228 |
0.8 0.4 0.5 tandem-hybrid sys1
| Sum/Avg            |    9   4346 | 65.4   20.5   14.1    2.9   37.6  100.0 |  0.224 |
0.8 0.7 0.5 tandem-hybrid sys1
| Sum/Avg            |    9   4346 | 64.9   19.4   15.8    2.8   37.9  100.0 |  0.221 |
0.8 0.9 0.5 tandem-hybrid sys1
| Sum/Avg            |    9   4346 | 64.7   19.4   15.9    2.8   38.1  100.0 |  0.221 |
0.3 0.2 0.5 tandem-grph-hybrid sys1
| Sum/Avg            |    9   4346 | 65.6   21.0   13.4    3.0   37.5  100.0 |  0.171 |
0.3 0.4 0.5 tandem-grph-hybrid sys1
| Sum/Avg            |    9   4346 | 65.6   21.0   13.4    3.0   37.5  100.0 |  0.171 |
0.3 0.7 0.5 tandem-grph-hybrid sys1
| Sum/Avg            |    9   4346 | 65.6   21.0   13.4    3.0   37.5  100.0 |  0.171 |
0.3 0.9 0.5 tandem-grph-hybrid sys1
| Sum/Avg            |    9   4346 | 65.6   21.0   13.4    3.0   37.5  100.0 |  0.171 |
0.5 0.2 0.5 tandem-grph-hybrid sys1
| Sum/Avg            |    9   4346 | 65.6   21.0   13.4    3.0   37.5  100.0 |  0.171 |
0.5 0.4 0.5 tandem-grph-hybrid sys1
| Sum/Avg            |    9   4346 | 65.6   21.0   13.4    3.0   37.5  100.0 |  0.171 |
0.5 0.7 0.5 tandem-grph-hybrid sys1
| Sum/Avg            |    9   4346 | 65.6   21.0   13.4    3.0   37.5  100.0 |  0.171 |
0.5 0.9 0.5 tandem-grph-hybrid sys1
| Sum/Avg            |    9   4346 | 65.6   21.0   13.4    3.0   37.5  100.0 |  0.171 |
0.6 0.2 0.5 tandem-grph-hybrid sys1
| Sum/Avg            |    9   4346 | 65.6   21.0   13.4    3.0   37.5  100.0 |  0.171 |
0.6 0.4 0.5 tandem-grph-hybrid sys1
| Sum/Avg            |    9   4346 | 65.6   21.0   13.4    3.0   37.5  100.0 |  0.171 |
0.6 0.7 0.5 tandem-grph-hybrid sys1
| Sum/Avg            |    9   4346 | 65.6   21.0   13.4    3.0   37.5  100.0 |  0.171 |
0.6 0.9 0.5 tandem-grph-hybrid sys1
| Sum/Avg            |    9   4346 | 65.6   21.0   13.4    3.0   37.5  100.0 |  0.171 |
0.8 0.2 0.5 tandem-grph-hybrid sys1
| Sum/Avg            |    9   4346 | 65.6   21.0   13.4    3.0   37.5  100.0 |  0.171 |
0.8 0.4 0.5 tandem-grph-hybrid sys1
| Sum/Avg            |    9   4346 | 65.6   21.0   13.4    3.0   37.5  100.0 |  0.171 |
0.8 0.7 0.5 tandem-grph-hybrid sys1
| Sum/Avg            |    9   4346 | 65.6   21.0   13.4    3.0   37.5  100.0 |  0.171 |
0.8 0.9 0.5 tandem-grph-hybrid sys1
| Sum/Avg            |    9   4346 | 65.6   21.0   13.4    3.0   37.5  100.0 |  0.171 |
0.3 0.2 0.5 grph-tandem-plp sys1
| Sum/Avg            |    9   4346 | 62.6   22.9   14.5    2.9   40.3  100.0 |  0.287 |
0.3 0.4 0.5 grph-tandem-plp sys1
| Sum/Avg            |    9   4346 | 61.9   21.8   16.3    2.6   40.7  100.0 |  0.289 |
0.3 0.7 0.5 grph-tandem-plp sys1
| Sum/Avg            |    9   4346 | 61.9   21.4   16.8    2.6   40.7  100.0 |  0.289 |
0.3 0.9 0.5 grph-tandem-plp sys1
| Sum/Avg            |    9   4346 | 61.9   21.4   16.8    2.6   40.7  100.0 |  0.289 |
0.5 0.2 0.5 grph-tandem-plp sys1
| Sum/Avg            |    9   4346 | 65.0   22.2   12.8    3.3   38.3  100.0 |  0.269 |
0.5 0.4 0.5 grph-tandem-plp sys1
| Sum/Avg            |    9   4346 | 63.6   19.8   16.6    2.8   39.1  100.0 |  0.263 |
0.5 0.7 0.5 grph-tandem-plp sys1
| Sum/Avg            |    9   4346 | 63.6   19.7   16.8    2.7   39.2  100.0 |  0.262 |
0.5 0.9 0.5 grph-tandem-plp sys1
| Sum/Avg            |    9   4346 | 63.6   19.7   16.8    2.7   39.2  100.0 |  0.262 |
0.6 0.2 0.5 grph-tandem-plp sys1
| Sum/Avg            |    9   4346 | 65.8   21.3   12.9    3.4   37.6  100.0 |  0.253 |
0.6 0.4 0.5 grph-tandem-plp sys1
| Sum/Avg            |    9   4346 | 64.8   19.6   15.6    2.8   37.9  100.0 |  0.244 |
0.6 0.7 0.5 grph-tandem-plp sys1
| Sum/Avg            |    9   4346 | 64.2   19.0   16.8    2.7   38.5  100.0 |  0.245 |
0.6 0.9 0.5 grph-tandem-plp sys1
| Sum/Avg            |    9   4346 | 64.2   19.0   16.8    2.7   38.5  100.0 |  0.245 |
0.8 0.2 0.5 grph-tandem-plp sys1
| Sum/Avg            |    9   4346 | 65.6   21.0   13.4    3.0   37.4  100.0 |  0.243 |
0.8 0.4 0.5 grph-tandem-plp sys1
| Sum/Avg            |    9   4346 | 65.3   20.3   14.4    2.9   37.6  100.0 |  0.239 |
0.8 0.7 0.5 grph-tandem-plp sys1
| Sum/Avg            |    9   4346 | 64.0   18.7   17.3    2.5   38.5  100.0 |  0.237 |
0.8 0.9 0.5 grph-tandem-plp sys1
| Sum/Avg            |    9   4346 | 64.0   18.7   17.3    2.5   38.5  100.0 |  0.237 |
0.3 0.2 0.5 grph-tandem-grph-plp sys1
| Sum/Avg            |    9   4346 | 62.4   22.4   15.1    3.1   40.6  100.0 |  0.269 |
0.3 0.4 0.5 grph-tandem-grph-plp sys1
| Sum/Avg            |    9   4346 | 61.5   21.4   17.1    2.6   41.1  100.0 |  0.274 |
0.3 0.7 0.5 grph-tandem-grph-plp sys1
| Sum/Avg            |    9   4346 | 61.5   20.8   17.7    2.6   41.2  100.0 |  0.274 |
0.3 0.9 0.5 grph-tandem-grph-plp sys1
| Sum/Avg            |    9   4346 | 61.5   20.8   17.7    2.6   41.2  100.0 |  0.274 |
0.5 0.2 0.5 grph-tandem-grph-plp sys1
| Sum/Avg            |    9   4346 | 64.9   22.2   13.0    3.5   38.6  100.0 |  0.265 |
0.5 0.4 0.5 grph-tandem-grph-plp sys1
| Sum/Avg            |    9   4346 | 63.1   19.8   17.1    2.7   39.6  100.0 |  0.263 |
0.5 0.7 0.5 grph-tandem-grph-plp sys1
| Sum/Avg            |    9   4346 | 62.9   19.6   17.5    2.6   39.7  100.0 |  0.262 |
0.5 0.9 0.5 grph-tandem-grph-plp sys1
| Sum/Avg            |    9   4346 | 62.9   19.6   17.5    2.6   39.7  100.0 |  0.262 |
0.6 0.2 0.5 grph-tandem-grph-plp sys1
| Sum/Avg            |    9   4346 | 65.4   21.7   12.9    3.4   38.0  100.0 |  0.258 |
0.6 0.4 0.5 grph-tandem-grph-plp sys1
| Sum/Avg            |    9   4346 | 64.3   19.8   16.0    2.7   38.4  100.0 |  0.249 |
0.6 0.7 0.5 grph-tandem-grph-plp sys1
| Sum/Avg            |    9   4346 | 63.5   19.1   17.4    2.5   39.0  100.0 |  0.251 |
0.6 0.9 0.5 grph-tandem-grph-plp sys1
| Sum/Avg            |    9   4346 | 63.5   19.1   17.4    2.5   39.0  100.0 |  0.251 |
0.8 0.2 0.5 grph-tandem-grph-plp sys1
| Sum/Avg            |    9   4346 | 65.5   21.1   13.4    3.0   37.5  100.0 |  0.237 |
0.8 0.4 0.5 grph-tandem-grph-plp sys1
| Sum/Avg            |    9   4346 | 65.2   20.4   14.5    2.8   37.6  100.0 |  0.235 |
0.8 0.7 0.5 grph-tandem-grph-plp sys1
| Sum/Avg            |    9   4346 | 63.6   18.6   17.8    2.5   38.9  100.0 |  0.236 |
0.8 0.9 0.5 grph-tandem-grph-plp sys1
| Sum/Avg            |    9   4346 | 63.5   18.6   17.9    2.5   39.0  100.0 |  0.236 |
0.3 0.2 0.5 grph-tandem-tandem sys1
| Sum/Avg            |    9   4346 | 64.5   22.5   12.9    3.3   38.7  100.0 |  0.258 |
0.3 0.4 0.5 grph-tandem-tandem sys1
| Sum/Avg            |    9   4346 | 64.1   21.7   14.2    2.9   38.8  100.0 |  0.257 |
0.3 0.7 0.5 grph-tandem-tandem sys1
| Sum/Avg            |    9   4346 | 63.9   21.1   15.0    2.7   38.8  100.0 |  0.255 |
0.3 0.9 0.5 grph-tandem-tandem sys1
| Sum/Avg            |    9   4346 | 63.9   21.1   15.0    2.7   38.8  100.0 |  0.255 |
0.5 0.2 0.5 grph-tandem-tandem sys1
| Sum/Avg            |    9   4346 | 65.8   22.0   12.2    3.6   37.8  100.0 |  0.249 |
0.5 0.4 0.5 grph-tandem-tandem sys1
| Sum/Avg            |    9   4346 | 65.0   20.3   14.7    2.9   37.9  100.0 |  0.239 |
0.5 0.7 0.5 grph-tandem-tandem sys1
| Sum/Avg            |    9   4346 | 64.8   20.1   15.1    2.8   37.9  100.0 |  0.238 |
0.5 0.9 0.5 grph-tandem-tandem sys1
| Sum/Avg            |    9   4346 | 64.8   20.1   15.1    2.8   37.9  100.0 |  0.238 |
0.6 0.2 0.5 grph-tandem-tandem sys1
| Sum/Avg            |    9   4346 | 66.0   21.6   12.4    3.4   37.4  100.0 |  0.246 |
0.6 0.4 0.5 grph-tandem-tandem sys1
| Sum/Avg            |    9   4346 | 65.2   20.1   14.7    2.8   37.6  100.0 |  0.235 |
0.6 0.7 0.5 grph-tandem-tandem sys1
| Sum/Avg            |    9   4346 | 65.0   19.8   15.1    2.7   37.7  100.0 |  0.235 |
0.6 0.9 0.5 grph-tandem-tandem sys1
| Sum/Avg            |    9   4346 | 65.0   19.8   15.1    2.7   37.7  100.0 |  0.235 |
0.8 0.2 0.5 grph-tandem-tandem sys1
| Sum/Avg            |    9   4346 | 65.5   21.1   13.4    3.0   37.5  100.0 |  0.234 |
0.8 0.4 0.5 grph-tandem-tandem sys1
| Sum/Avg            |    9   4346 | 65.3   20.7   14.0    2.8   37.5  100.0 |  0.231 |
0.8 0.7 0.5 grph-tandem-tandem sys1
| Sum/Avg            |    9   4346 | 64.8   19.7   15.5    2.7   37.9  100.0 |  0.229 |
0.8 0.9 0.5 grph-tandem-tandem sys1
| Sum/Avg            |    9   4346 | 64.8   19.7   15.5    2.7   37.9  100.0 |  0.229 |
0.3 0.2 0.5 grph-tandem-grph-tandem sys1
| Sum/Avg            |    9   4346 | 64.2   23.0   12.8    3.2   39.0  100.0 |  0.238 |
0.3 0.4 0.5 grph-tandem-grph-tandem sys1
| Sum/Avg            |    9   4346 | 63.8   21.9   14.4    2.9   39.1  100.0 |  0.236 |
0.3 0.7 0.5 grph-tandem-grph-tandem sys1
| Sum/Avg            |    9   4346 | 63.6   21.1   15.3    2.8   39.2  100.0 |  0.235 |
0.3 0.9 0.5 grph-tandem-grph-tandem sys1
| Sum/Avg            |    9   4346 | 63.6   21.1   15.3    2.8   39.2  100.0 |  0.235 |
0.5 0.2 0.5 grph-tandem-grph-tandem sys1
| Sum/Avg            |    9   4346 | 65.9   22.0   12.2    3.4   37.5  100.0 |  0.227 |
0.5 0.4 0.5 grph-tandem-grph-tandem sys1
| Sum/Avg            |    9   4346 | 64.9   20.3   14.7    2.8   37.9  100.0 |  0.219 |
0.5 0.7 0.5 grph-tandem-grph-tandem sys1
| Sum/Avg            |    9   4346 | 64.7   19.9   15.3    2.8   38.0  100.0 |  0.217 |
0.5 0.9 0.5 grph-tandem-grph-tandem sys1
| Sum/Avg            |    9   4346 | 64.7   19.9   15.3    2.8   38.0  100.0 |  0.217 |
0.6 0.2 0.5 grph-tandem-grph-tandem sys1
| Sum/Avg            |    9   4346 | 65.8   21.8   12.4    3.5   37.6  100.0 |  0.234 |
0.6 0.4 0.5 grph-tandem-grph-tandem sys1
| Sum/Avg            |    9   4346 | 65.1   20.1   14.8    2.9   37.8  100.0 |  0.221 |
0.6 0.7 0.5 grph-tandem-grph-tandem sys1
| Sum/Avg            |    9   4346 | 64.8   19.9   15.3    2.8   38.0  100.0 |  0.222 |
0.6 0.9 0.5 grph-tandem-grph-tandem sys1
| Sum/Avg            |    9   4346 | 64.8   19.9   15.3    2.8   38.0  100.0 |  0.222 |
0.8 0.2 0.5 grph-tandem-grph-tandem sys1
| Sum/Avg            |    9   4346 | 65.6   21.1   13.4    3.0   37.5  100.0 |  0.215 |
0.8 0.4 0.5 grph-tandem-grph-tandem sys1
| Sum/Avg            |    9   4346 | 65.4   20.6   14.0    2.8   37.5  100.0 |  0.212 |
0.8 0.7 0.5 grph-tandem-grph-tandem sys1
| Sum/Avg            |    9   4346 | 64.6   19.9   15.5    2.7   38.1  100.0 |  0.212 |
0.8 0.9 0.5 grph-tandem-grph-tandem sys1
| Sum/Avg            |    9   4346 | 64.6   19.9   15.5    2.7   38.1  100.0 |  0.211 |
0.3 0.2 0.5 grph-tandem-hybrid sys1
| Sum/Avg            |    9   4346 | 64.6   21.2   14.2    2.9   38.3  100.0 |  0.250 |
0.3 0.4 0.5 grph-tandem-hybrid sys1
| Sum/Avg            |    9   4346 | 63.9   20.0   16.0    2.7   38.7  100.0 |  0.251 |
0.3 0.7 0.5 grph-tandem-hybrid sys1
| Sum/Avg            |    9   4346 | 63.8   19.6   16.6    2.6   38.8  100.0 |  0.251 |
0.3 0.9 0.5 grph-tandem-hybrid sys1
| Sum/Avg            |    9   4346 | 63.8   19.6   16.6    2.6   38.8  100.0 |  0.251 |
0.5 0.2 0.5 grph-tandem-hybrid sys1
| Sum/Avg            |    9   4346 | 65.8   21.1   13.1    3.3   37.5  100.0 |  0.251 |
0.5 0.4 0.5 grph-tandem-hybrid sys1
| Sum/Avg            |    9   4346 | 64.8   19.1   16.1    2.8   38.0  100.0 |  0.240 |
0.5 0.7 0.5 grph-tandem-hybrid sys1
| Sum/Avg            |    9   4346 | 64.5   18.9   16.6    2.7   38.2  100.0 |  0.240 |
0.5 0.9 0.5 grph-tandem-hybrid sys1
| Sum/Avg            |    9   4346 | 64.5   18.9   16.6    2.7   38.2  100.0 |  0.240 |
0.6 0.2 0.5 grph-tandem-hybrid sys1
| Sum/Avg            |    9   4346 | 66.0   21.1   12.9    3.2   37.2  100.0 |  0.249 |
0.6 0.4 0.5 grph-tandem-hybrid sys1
| Sum/Avg            |    9   4346 | 65.2   19.4   15.3    2.7   37.5  100.0 |  0.239 |
0.6 0.7 0.5 grph-tandem-hybrid sys1
| Sum/Avg            |    9   4346 | 64.6   18.9   16.5    2.6   38.0  100.0 |  0.240 |
0.6 0.9 0.5 grph-tandem-hybrid sys1
| Sum/Avg            |    9   4346 | 64.6   18.9   16.5    2.6   38.0  100.0 |  0.240 |
0.8 0.2 0.5 grph-tandem-hybrid sys1
| Sum/Avg            |    9   4346 | 65.5   21.0   13.5    3.0   37.5  100.0 |  0.245 |
0.8 0.4 0.5 grph-tandem-hybrid sys1
| Sum/Avg            |    9   4346 | 65.3   20.4   14.3    2.8   37.5  100.0 |  0.240 |
0.8 0.7 0.5 grph-tandem-hybrid sys1
| Sum/Avg            |    9   4346 | 64.4   19.1   16.5    2.6   38.2  100.0 |  0.239 |
0.8 0.9 0.5 grph-tandem-hybrid sys1
| Sum/Avg            |    9   4346 | 64.2   19.1   16.7    2.6   38.3  100.0 |  0.239 |
0.3 0.2 0.5 grph-tandem-grph-hybrid sys1
| Sum/Avg            |    9   4346 | 64.5   21.5   14.0    2.8   38.4  100.0 |  0.219 |
0.3 0.4 0.5 grph-tandem-grph-hybrid sys1
| Sum/Avg            |    9   4346 | 64.2   21.0   14.8    2.7   38.4  100.0 |  0.217 |
0.3 0.7 0.5 grph-tandem-grph-hybrid sys1
| Sum/Avg            |    9   4346 | 64.2   20.8   15.0    2.7   38.4  100.0 |  0.216 |
0.3 0.9 0.5 grph-tandem-grph-hybrid sys1
| Sum/Avg            |    9   4346 | 64.2   20.8   15.0    2.7   38.4  100.0 |  0.216 |
0.5 0.2 0.5 grph-tandem-grph-hybrid sys1
| Sum/Avg            |    9   4346 | 65.6   21.2   13.3    2.9   37.3  100.0 |  0.196 |
0.5 0.4 0.5 grph-tandem-grph-hybrid sys1
| Sum/Avg            |    9   4346 | 64.9   20.3   14.7    2.6   37.6  100.0 |  0.196 |
0.5 0.7 0.5 grph-tandem-grph-hybrid sys1
| Sum/Avg            |    9   4346 | 64.9   20.2   14.9    2.6   37.7  100.0 |  0.195 |
0.5 0.9 0.5 grph-tandem-grph-hybrid sys1
| Sum/Avg            |    9   4346 | 64.9   20.2   14.9    2.6   37.7  100.0 |  0.195 |
0.6 0.2 0.5 grph-tandem-grph-hybrid sys1
| Sum/Avg            |    9   4346 | 65.7   21.1   13.2    3.1   37.4  100.0 |  0.201 |
0.6 0.4 0.5 grph-tandem-grph-hybrid sys1
| Sum/Avg            |    9   4346 | 65.1   20.2   14.7    2.7   37.6  100.0 |  0.197 |
0.6 0.7 0.5 grph-tandem-grph-hybrid sys1
| Sum/Avg            |    9   4346 | 65.0   20.1   14.9    2.7   37.7  100.0 |  0.196 |
0.6 0.9 0.5 grph-tandem-grph-hybrid sys1
| Sum/Avg            |    9   4346 | 65.0   20.1   14.9    2.7   37.7  100.0 |  0.196 |
0.8 0.2 0.5 grph-tandem-grph-hybrid sys1
| Sum/Avg            |    9   4346 | 65.5   21.1   13.4    3.0   37.5  100.0 |  0.201 |
0.8 0.4 0.5 grph-tandem-grph-hybrid sys1
| Sum/Avg            |    9   4346 | 65.3   20.7   14.0    2.8   37.5  100.0 |  0.198 |
0.8 0.7 0.5 grph-tandem-grph-hybrid sys1
| Sum/Avg            |    9   4346 | 64.8   20.2   15.0    2.6   37.8  100.0 |  0.198 |
0.8 0.9 0.5 grph-tandem-grph-hybrid sys1
| Sum/Avg            |    9   4346 | 64.8   20.2   15.0    2.6   37.8  100.0 |  0.197 |
