0.3 0.2 0.5 plp-plp sys1
| Sum/Avg            |    9   4346 | 61.1   22.7   16.2    2.7   41.6  100.0 |  0.267 |
0.3 0.4 0.5 plp-plp sys1
| Sum/Avg            |    9   4346 | 61.5   23.1   15.5    2.9   41.4  100.0 |  0.262 |
0.3 0.7 0.5 plp-plp sys1
| Sum/Avg            |    9   4346 | 61.5   23.1   15.5    2.9   41.4  100.0 |  0.262 |
0.3 0.9 0.5 plp-plp sys1
| Sum/Avg            |    9   4346 | 61.3   22.6   16.1    2.7   41.4  100.0 |  0.261 |
0.5 0.2 0.5 plp-plp sys1
| Sum/Avg            |    9   4346 | 62.1   21.4   16.5    2.7   40.6  100.0 |  0.239 |
0.5 0.4 0.5 plp-plp sys1
| Sum/Avg            |    9   4346 | 62.0   22.0   16.0    2.8   40.9  100.0 |  0.254 |
0.5 0.7 0.5 plp-plp sys1
| Sum/Avg            |    9   4346 | 61.3   21.0   17.7    2.7   41.4  100.0 |  0.259 |
0.5 0.9 0.5 plp-plp sys1
| Sum/Avg            |    9   4346 | 61.2   20.7   18.2    2.6   41.5  100.0 |  0.258 |
0.6 0.2 0.5 plp-plp sys1
| Sum/Avg            |    9   4346 | 61.6   20.4   18.0    2.8   41.2  100.0 |  0.253 |
0.6 0.4 0.5 plp-plp sys1
| Sum/Avg            |    9   4346 | 62.3   20.8   16.9    2.7   40.4  100.0 |  0.246 |
0.6 0.7 0.5 plp-plp sys1
| Sum/Avg            |    9   4346 | 61.7   20.4   17.9    2.6   40.8  100.0 |  0.248 |
0.6 0.9 0.5 plp-plp sys1
| Sum/Avg            |    9   4346 | 61.5   19.8   18.7    2.5   41.0  100.0 |  0.247 |
0.8 0.2 0.5 plp-plp sys1
| Sum/Avg            |    9   4346 | 62.4   19.9   17.7    2.7   40.3  100.0 |  0.236 |
0.8 0.4 0.5 plp-plp sys1
| Sum/Avg            |    9   4346 | 62.9   19.8   17.3    2.6   39.7  100.0 |  0.229 |
0.8 0.7 0.5 plp-plp sys1
| Sum/Avg            |    9   4346 | 62.1   19.1   18.7    2.3   40.2  100.0 |  0.229 |
0.8 0.9 0.5 plp-plp sys1
| Sum/Avg            |    9   4346 | 61.9   19.1   19.0    2.3   40.4  100.0 |  0.230 |
0.3 0.2 0.5 plp-grph-plp sys1
| Sum/Avg            |    9   4346 | 61.5   21.7   16.8    2.8   41.3  100.0 |  0.268 |
0.3 0.4 0.5 plp-grph-plp sys1
| Sum/Avg            |    9   4346 | 61.6   22.3   16.1    2.9   41.3  100.0 |  0.275 |
0.3 0.7 0.5 plp-grph-plp sys1
| Sum/Avg            |    9   4346 | 61.6   22.3   16.1    2.9   41.3  100.0 |  0.275 |
0.3 0.9 0.5 plp-grph-plp sys1
| Sum/Avg            |    9   4346 | 61.5   21.7   16.8    2.9   41.4  100.0 |  0.269 |
0.5 0.2 0.5 plp-grph-plp sys1
| Sum/Avg            |    9   4346 | 62.5   20.4   17.1    2.7   40.2  100.0 |  0.231 |
0.5 0.4 0.5 plp-grph-plp sys1
| Sum/Avg            |    9   4346 | 62.4   21.0   16.5    2.9   40.5  100.0 |  0.274 |
0.5 0.7 0.5 plp-grph-plp sys1
| Sum/Avg            |    9   4346 | 62.1   20.3   17.6    2.8   40.7  100.0 |  0.270 |
0.5 0.9 0.5 plp-grph-plp sys1
| Sum/Avg            |    9   4346 | 62.1   20.0   17.9    2.7   40.7  100.0 |  0.267 |
0.6 0.2 0.5 plp-grph-plp sys1
| Sum/Avg            |    9   4346 | 63.2   20.3   16.5    2.8   39.7  100.0 |  0.252 |
0.6 0.4 0.5 plp-grph-plp sys1
| Sum/Avg            |    9   4346 | 63.2   20.1   16.7    2.9   39.7  100.0 |  0.256 |
0.6 0.7 0.5 plp-grph-plp sys1
| Sum/Avg            |    9   4346 | 62.6   19.7   17.8    2.7   40.1  100.0 |  0.258 |
0.6 0.9 0.5 plp-grph-plp sys1
| Sum/Avg            |    9   4346 | 62.5   19.3   18.2    2.6   40.2  100.0 |  0.255 |
0.8 0.2 0.5 plp-grph-plp sys1
| Sum/Avg            |    9   4346 | 63.7   20.1   16.2    2.9   39.2  100.0 |  0.250 |
0.8 0.4 0.5 plp-grph-plp sys1
| Sum/Avg            |    9   4346 | 63.5   19.2   17.3    2.6   39.1  100.0 |  0.236 |
0.8 0.7 0.5 plp-grph-plp sys1
| Sum/Avg            |    9   4346 | 62.9   18.5   18.6    2.5   39.6  100.0 |  0.236 |
0.8 0.9 0.5 plp-grph-plp sys1
| Sum/Avg            |    9   4346 | 62.8   18.5   18.7    2.5   39.6  100.0 |  0.236 |
0.3 0.2 0.5 plp-tandem sys1
| Sum/Avg            |    9   4346 | 64.0   21.5   14.5    3.0   39.0  100.0 |  0.254 |
0.3 0.4 0.5 plp-tandem sys1
| Sum/Avg            |    9   4346 | 64.2   22.4   13.4    3.2   39.0  100.0 |  0.256 |
0.3 0.7 0.5 plp-tandem sys1
| Sum/Avg            |    9   4346 | 64.2   22.4   13.4    3.2   39.0  100.0 |  0.256 |
0.3 0.9 0.5 plp-tandem sys1
| Sum/Avg            |    9   4346 | 64.0   21.7   14.3    3.1   39.0  100.0 |  0.252 |
0.5 0.2 0.5 plp-tandem sys1
| Sum/Avg            |    9   4346 | 64.1   20.8   15.1    2.9   38.9  100.0 |  0.246 |
0.5 0.4 0.5 plp-tandem sys1
| Sum/Avg            |    9   4346 | 64.2   21.7   14.1    3.1   38.9  100.0 |  0.260 |
0.5 0.7 0.5 plp-tandem sys1
| Sum/Avg            |    9   4346 | 63.9   20.5   15.6    2.8   38.9  100.0 |  0.250 |
0.5 0.9 0.5 plp-tandem sys1
| Sum/Avg            |    9   4346 | 63.8   20.2   16.0    2.8   39.0  100.0 |  0.250 |
0.6 0.2 0.5 plp-tandem sys1
| Sum/Avg            |    9   4346 | 63.7   20.5   15.7    2.9   39.2  100.0 |  0.259 |
0.6 0.4 0.5 plp-tandem sys1
| Sum/Avg            |    9   4346 | 64.1   20.8   15.1    2.8   38.7  100.0 |  0.250 |
0.6 0.7 0.5 plp-tandem sys1
| Sum/Avg            |    9   4346 | 63.9   20.2   15.9    2.8   38.9  100.0 |  0.247 |
0.6 0.9 0.5 plp-tandem sys1
| Sum/Avg            |    9   4346 | 63.8   19.9   16.4    2.8   39.0  100.0 |  0.247 |
0.8 0.2 0.5 plp-tandem sys1
| Sum/Avg            |    9   4346 | 63.8   20.4   15.8    2.9   39.1  100.0 |  0.258 |
0.8 0.4 0.5 plp-tandem sys1
| Sum/Avg            |    9   4346 | 63.9   20.1   16.0    2.8   38.9  100.0 |  0.251 |
0.8 0.7 0.5 plp-tandem sys1
| Sum/Avg            |    9   4346 | 63.6   19.6   16.8    2.7   39.2  100.0 |  0.252 |
0.8 0.9 0.5 plp-tandem sys1
| Sum/Avg            |    9   4346 | 63.5   19.5   17.0    2.7   39.3  100.0 |  0.252 |
0.3 0.2 0.5 plp-grph-tandem sys1
| Sum/Avg            |    9   4346 | 63.7   21.0   15.2    3.1   39.4  100.0 |  0.260 |
0.3 0.4 0.5 plp-grph-tandem sys1
| Sum/Avg            |    9   4346 | 63.9   22.0   14.1    3.2   39.3  100.0 |  0.266 |
0.3 0.7 0.5 plp-grph-tandem sys1
| Sum/Avg            |    9   4346 | 63.9   22.0   14.1    3.2   39.3  100.0 |  0.266 |
0.3 0.9 0.5 plp-grph-tandem sys1
| Sum/Avg            |    9   4346 | 63.8   21.0   15.2    3.1   39.3  100.0 |  0.258 |
0.5 0.2 0.5 plp-grph-tandem sys1
| Sum/Avg            |    9   4346 | 63.8   20.7   15.5    2.9   39.1  100.0 |  0.256 |
0.5 0.4 0.5 plp-grph-tandem sys1
| Sum/Avg            |    9   4346 | 64.2   21.2   14.7    3.0   38.8  100.0 |  0.262 |
0.5 0.7 0.5 plp-grph-tandem sys1
| Sum/Avg            |    9   4346 | 63.7   20.4   15.9    2.8   39.1  100.0 |  0.261 |
0.5 0.9 0.5 plp-grph-tandem sys1
| Sum/Avg            |    9   4346 | 63.7   20.1   16.2    2.8   39.1  100.0 |  0.260 |
0.6 0.2 0.5 plp-grph-tandem sys1
| Sum/Avg            |    9   4346 | 64.0   19.9   16.1    2.7   38.7  100.0 |  0.251 |
0.6 0.4 0.5 plp-grph-tandem sys1
| Sum/Avg            |    9   4346 | 64.1   20.5   15.4    2.9   38.7  100.0 |  0.254 |
0.6 0.7 0.5 plp-grph-tandem sys1
| Sum/Avg            |    9   4346 | 64.0   20.0   16.0    2.8   38.8  100.0 |  0.253 |
0.6 0.9 0.5 plp-grph-tandem sys1
| Sum/Avg            |    9   4346 | 63.8   19.7   16.5    2.8   39.0  100.0 |  0.254 |
0.8 0.2 0.5 plp-grph-tandem sys1
| Sum/Avg            |    9   4346 | 64.1   20.2   15.7    2.8   38.7  100.0 |  0.256 |
0.8 0.4 0.5 plp-grph-tandem sys1
| Sum/Avg            |    9   4346 | 64.0   19.9   16.2    2.7   38.7  100.0 |  0.251 |
0.8 0.7 0.5 plp-grph-tandem sys1
| Sum/Avg            |    9   4346 | 63.6   19.3   17.1    2.6   39.0  100.0 |  0.251 |
0.8 0.9 0.5 plp-grph-tandem sys1
| Sum/Avg            |    9   4346 | 63.6   19.3   17.1    2.6   39.0  100.0 |  0.252 |
0.3 0.2 0.5 plp-hybrid sys1
| Sum/Avg            |    9   4346 | 64.5   21.3   14.3    3.0   38.6  100.0 |  0.245 |
0.3 0.4 0.5 plp-hybrid sys1
| Sum/Avg            |    9   4346 | 64.4   21.3   14.3    3.0   38.6  100.0 |  0.246 |
0.3 0.7 0.5 plp-hybrid sys1
| Sum/Avg            |    9   4346 | 64.2   20.9   15.0    3.0   38.8  100.0 |  0.249 |
0.3 0.9 0.5 plp-hybrid sys1
| Sum/Avg            |    9   4346 | 64.2   20.8   15.0    3.0   38.8  100.0 |  0.248 |
0.5 0.2 0.5 plp-hybrid sys1
| Sum/Avg            |    9   4346 | 64.6   20.7   14.7    3.1   38.4  100.0 |  0.250 |
0.5 0.4 0.5 plp-hybrid sys1
| Sum/Avg            |    9   4346 | 64.2   20.2   15.6    2.9   38.7  100.0 |  0.251 |
0.5 0.7 0.5 plp-hybrid sys1
| Sum/Avg            |    9   4346 | 64.2   19.9   15.9    2.9   38.7  100.0 |  0.250 |
0.5 0.9 0.5 plp-hybrid sys1
| Sum/Avg            |    9   4346 | 64.2   19.9   15.9    2.9   38.7  100.0 |  0.249 |
0.6 0.2 0.5 plp-hybrid sys1
| Sum/Avg            |    9   4346 | 64.5   20.5   15.0    3.0   38.5  100.0 |  0.251 |
0.6 0.4 0.5 plp-hybrid sys1
| Sum/Avg            |    9   4346 | 64.3   20.0   15.7    2.9   38.6  100.0 |  0.250 |
0.6 0.7 0.5 plp-hybrid sys1
| Sum/Avg            |    9   4346 | 64.1   19.9   16.0    2.9   38.7  100.0 |  0.251 |
0.6 0.9 0.5 plp-hybrid sys1
| Sum/Avg            |    9   4346 | 64.1   19.9   16.0    2.9   38.7  100.0 |  0.251 |
0.8 0.2 0.5 plp-hybrid sys1
| Sum/Avg            |    9   4346 | 64.3   20.2   15.5    2.9   38.6  100.0 |  0.253 |
0.8 0.4 0.5 plp-hybrid sys1
| Sum/Avg            |    9   4346 | 64.2   19.7   16.2    2.8   38.6  100.0 |  0.245 |
0.8 0.7 0.5 plp-hybrid sys1
| Sum/Avg            |    9   4346 | 63.9   19.5   16.6    2.7   38.8  100.0 |  0.246 |
0.8 0.9 0.5 plp-hybrid sys1
| Sum/Avg            |    9   4346 | 63.9   19.5   16.6    2.7   38.8  100.0 |  0.246 |
0.3 0.2 0.5 plp-grph-hybrid sys1
| Sum/Avg            |    9   4346 | 64.5   21.0   14.5    3.0   38.5  100.0 |  0.239 |
0.3 0.4 0.5 plp-grph-hybrid sys1
| Sum/Avg            |    9   4346 | 64.5   21.0   14.5    3.0   38.5  100.0 |  0.239 |
0.3 0.7 0.5 plp-grph-hybrid sys1
| Sum/Avg            |    9   4346 | 64.5   21.0   14.5    3.0   38.5  100.0 |  0.239 |
0.3 0.9 0.5 plp-grph-hybrid sys1
| Sum/Avg            |    9   4346 | 64.5   21.0   14.5    3.0   38.5  100.0 |  0.239 |
0.5 0.2 0.5 plp-grph-hybrid sys1
| Sum/Avg            |    9   4346 | 64.3   21.6   14.1    2.9   38.6  100.0 |  0.255 |
0.5 0.4 0.5 plp-grph-hybrid sys1
| Sum/Avg            |    9   4346 | 63.6   19.7   16.7    2.6   39.0  100.0 |  0.252 |
0.5 0.7 0.5 plp-grph-hybrid sys1
| Sum/Avg            |    9   4346 | 63.3   19.5   17.2    2.5   39.2  100.0 |  0.253 |
0.5 0.9 0.5 plp-grph-hybrid sys1
| Sum/Avg            |    9   4346 | 62.8   19.2   18.0    2.4   39.6  100.0 |  0.257 |
0.6 0.2 0.5 plp-grph-hybrid sys1
| Sum/Avg            |    9   4346 | 63.8   20.5   15.7    2.7   38.9  100.0 |  0.261 |
0.6 0.4 0.5 plp-grph-hybrid sys1
| Sum/Avg            |    9   4346 | 63.3   19.6   17.0    2.5   39.2  100.0 |  0.255 |
0.6 0.7 0.5 plp-grph-hybrid sys1
| Sum/Avg            |    9   4346 | 62.6   19.3   18.2    2.4   39.9  100.0 |  0.263 |
0.6 0.9 0.5 plp-grph-hybrid sys1
| Sum/Avg            |    9   4346 | 62.6   19.3   18.2    2.4   39.9  100.0 |  0.263 |
0.8 0.2 0.5 plp-grph-hybrid sys1
| Sum/Avg            |    9   4346 | 63.7   20.1   16.2    2.6   38.9  100.0 |  0.265 |
0.8 0.4 0.5 plp-grph-hybrid sys1
| Sum/Avg            |    9   4346 | 63.0   19.4   17.6    2.4   39.4  100.0 |  0.265 |
0.8 0.7 0.5 plp-grph-hybrid sys1
| Sum/Avg            |    9   4346 | 62.6   19.2   18.2    2.4   39.8  100.0 |  0.267 |
0.8 0.9 0.5 plp-grph-hybrid sys1
| Sum/Avg            |    9   4346 | 63.4   19.4   17.1    2.6   39.2  100.0 |  0.251 |
0.3 0.2 0.5 grph-plp-plp sys1
| Sum/Avg            |    9   4346 | 61.0   23.1   15.9    2.6   41.6  100.0 |  0.292 |
0.3 0.4 0.5 grph-plp-plp sys1
| Sum/Avg            |    9   4346 | 61.0   23.1   15.9    2.6   41.6  100.0 |  0.293 |
0.3 0.7 0.5 grph-plp-plp sys1
| Sum/Avg            |    9   4346 | 61.0   23.1   16.0    2.5   41.6  100.0 |  0.293 |
0.3 0.9 0.5 grph-plp-plp sys1
| Sum/Avg            |    9   4346 | 60.9   22.7   16.5    2.5   41.6  100.0 |  0.291 |
0.5 0.2 0.5 grph-plp-plp sys1
| Sum/Avg            |    9   4346 | 61.3   23.2   15.6    2.6   41.3  100.0 |  0.284 |
0.5 0.4 0.5 grph-plp-plp sys1
| Sum/Avg            |    9   4346 | 60.6   21.4   18.1    2.3   41.8  100.0 |  0.276 |
0.5 0.7 0.5 grph-plp-plp sys1
| Sum/Avg            |    9   4346 | 59.9   20.4   19.8    2.3   42.4  100.0 |  0.283 |
0.5 0.9 0.5 grph-plp-plp sys1
| Sum/Avg            |    9   4346 | 59.9   20.3   19.8    2.3   42.4  100.0 |  0.282 |
0.6 0.2 0.5 grph-plp-plp sys1
| Sum/Avg            |    9   4346 | 62.5   21.8   15.7    2.9   40.4  100.0 |  0.262 |
0.6 0.4 0.5 grph-plp-plp sys1
| Sum/Avg            |    9   4346 | 60.8   19.4   19.8    2.3   41.5  100.0 |  0.263 |
0.6 0.7 0.5 grph-plp-plp sys1
| Sum/Avg            |    9   4346 | 60.7   19.3   19.9    2.3   41.6  100.0 |  0.264 |
0.6 0.9 0.5 grph-plp-plp sys1
| Sum/Avg            |    9   4346 | 62.3   20.8   16.9    2.6   40.3  100.0 |  0.262 |
0.8 0.2 0.5 grph-plp-plp sys1
| Sum/Avg            |    9   4346 | 62.6   19.4   18.0    2.5   39.9  100.0 |  0.242 |
0.8 0.4 0.5 grph-plp-plp sys1
| Sum/Avg            |    9   4346 | 61.7   18.7   19.6    2.4   40.7  100.0 |  0.245 |
0.8 0.7 0.5 grph-plp-plp sys1
| Sum/Avg            |    9   4346 | 61.6   18.6   19.9    2.4   40.8  100.0 |  0.246 |
0.8 0.9 0.5 grph-plp-plp sys1
| Sum/Avg            |    9   4346 | 62.4   18.6   19.0    2.3   39.9  100.0 |  0.233 |
0.3 0.2 0.5 grph-plp-grph-plp sys1
| Sum/Avg            |    9   4346 | 60.0   23.3   16.7    2.7   42.8  100.0 |  0.301 |
0.3 0.4 0.5 grph-plp-grph-plp sys1
| Sum/Avg            |    9   4346 | 59.9   23.3   16.8    2.7   42.8  100.0 |  0.301 |
0.3 0.7 0.5 grph-plp-grph-plp sys1
| Sum/Avg            |    9   4346 | 59.9   22.8   17.3    2.6   42.7  100.0 |  0.296 |
0.3 0.9 0.5 grph-plp-grph-plp sys1
| Sum/Avg            |    9   4346 | 60.0   22.4   17.6    2.6   42.6  100.0 |  0.308 |
0.5 0.2 0.5 grph-plp-grph-plp sys1
| Sum/Avg            |    9   4346 | 62.2   21.6   16.2    2.9   40.7  100.0 |  0.274 |
0.5 0.4 0.5 grph-plp-grph-plp sys1
| Sum/Avg            |    9   4346 | 60.9   20.3   18.8    2.5   41.6  100.0 |  0.285 |
0.5 0.7 0.5 grph-plp-grph-plp sys1
| Sum/Avg            |    9   4346 | 60.6   19.9   19.5    2.5   41.9  100.0 |  0.285 |
0.5 0.9 0.5 grph-plp-grph-plp sys1
| Sum/Avg            |    9   4346 | 60.7   20.1   19.2    2.6   41.9  100.0 |  0.288 |
0.6 0.2 0.5 grph-plp-grph-plp sys1
| Sum/Avg            |    9   4346 | 63.3   21.4   15.2    3.0   39.6  100.0 |  0.264 |
0.6 0.4 0.5 grph-plp-grph-plp sys1
| Sum/Avg            |    9   4346 | 62.0   19.6   18.4    2.5   40.5  100.0 |  0.266 |
0.6 0.7 0.5 grph-plp-grph-plp sys1
| Sum/Avg            |    9   4346 | 61.4   18.9   19.7    2.5   41.1  100.0 |  0.269 |
0.6 0.9 0.5 grph-plp-grph-plp sys1
| Sum/Avg            |    9   4346 | 61.4   18.9   19.7    2.6   41.1  100.0 |  0.268 |
0.8 0.2 0.5 grph-plp-grph-plp sys1
| Sum/Avg            |    9   4346 | 64.2   20.1   15.7    2.8   38.6  100.0 |  0.245 |
0.8 0.4 0.5 grph-plp-grph-plp sys1
| Sum/Avg            |    9   4346 | 63.0   18.8   18.2    2.5   39.5  100.0 |  0.248 |
0.8 0.7 0.5 grph-plp-grph-plp sys1
| Sum/Avg            |    9   4346 | 62.1   18.2   19.7    2.4   40.4  100.0 |  0.253 |
0.8 0.9 0.5 grph-plp-grph-plp sys1
| Sum/Avg            |    9   4346 | 62.1   18.2   19.7    2.4   40.4  100.0 |  0.253 |
0.3 0.2 0.5 grph-plp-tandem sys1
| Sum/Avg            |    9   4346 | 63.4   22.1   14.5    3.0   39.6  100.0 |  0.295 |
0.3 0.4 0.5 grph-plp-tandem sys1
| Sum/Avg            |    9   4346 | 63.3   22.1   14.5    2.9   39.6  100.0 |  0.295 |
0.3 0.7 0.5 grph-plp-tandem sys1
| Sum/Avg            |    9   4346 | 63.3   22.1   14.5    2.9   39.6  100.0 |  0.294 |
0.3 0.9 0.5 grph-plp-tandem sys1
| Sum/Avg            |    9   4346 | 63.2   21.7   15.2    2.8   39.6  100.0 |  0.294 |
0.5 0.2 0.5 grph-plp-tandem sys1
| Sum/Avg            |    9   4346 | 63.6   22.0   14.4    2.9   39.4  100.0 |  0.283 |
0.5 0.4 0.5 grph-plp-tandem sys1
| Sum/Avg            |    9   4346 | 62.7   20.1   17.2    2.6   40.0  100.0 |  0.284 |
0.5 0.7 0.5 grph-plp-tandem sys1
| Sum/Avg            |    9   4346 | 62.4   19.9   17.7    2.6   40.2  100.0 |  0.285 |
0.5 0.9 0.5 grph-plp-tandem sys1
| Sum/Avg            |    9   4346 | 63.4   21.3   15.3    2.9   39.5  100.0 |  0.293 |
0.6 0.2 0.5 grph-plp-tandem sys1
| Sum/Avg            |    9   4346 | 63.3   20.2   16.5    2.8   39.4  100.0 |  0.275 |
0.6 0.4 0.5 grph-plp-tandem sys1
| Sum/Avg            |    9   4346 | 62.9   19.5   17.6    2.6   39.7  100.0 |  0.277 |
0.6 0.7 0.5 grph-plp-tandem sys1
| Sum/Avg            |    9   4346 | 62.8   19.5   17.7    2.6   39.8  100.0 |  0.278 |
0.6 0.9 0.5 grph-plp-tandem sys1
| Sum/Avg            |    9   4346 | 63.9   20.5   15.6    2.8   38.9  100.0 |  0.266 |
0.8 0.2 0.5 grph-plp-tandem sys1
| Sum/Avg            |    9   4346 | 63.6   19.7   16.7    2.7   39.1  100.0 |  0.271 |
0.8 0.4 0.5 grph-plp-tandem sys1
| Sum/Avg            |    9   4346 | 63.2   19.3   17.5    2.6   39.4  100.0 |  0.269 |
0.8 0.7 0.5 grph-plp-tandem sys1
| Sum/Avg            |    9   4346 | 63.1   19.1   17.8    2.6   39.5  100.0 |  0.269 |
0.8 0.9 0.5 grph-plp-tandem sys1
| Sum/Avg            |    9   4346 | 63.4   18.9   17.8    2.5   39.1  100.0 |  0.257 |
0.3 0.2 0.5 grph-plp-grph-tandem sys1
| Sum/Avg            |    9   4346 | 63.1   22.3   14.6    2.9   39.8  100.0 |  0.290 |
0.3 0.4 0.5 grph-plp-grph-tandem sys1
| Sum/Avg            |    9   4346 | 63.0   22.2   14.7    2.8   39.8  100.0 |  0.290 |
0.3 0.7 0.5 grph-plp-grph-tandem sys1
| Sum/Avg            |    9   4346 | 62.9   21.9   15.3    2.8   39.9  100.0 |  0.290 |
0.3 0.9 0.5 grph-plp-grph-tandem sys1
| Sum/Avg            |    9   4346 | 62.9   21.9   15.3    2.8   39.9  100.0 |  0.290 |
0.5 0.2 0.5 grph-plp-grph-tandem sys1
| Sum/Avg            |    9   4346 | 63.6   21.7   14.7    2.8   39.2  100.0 |  0.276 |
0.5 0.4 0.5 grph-plp-grph-tandem sys1
| Sum/Avg            |    9   4346 | 63.0   20.1   16.9    2.6   39.5  100.0 |  0.269 |
0.5 0.7 0.5 grph-plp-grph-tandem sys1
| Sum/Avg            |    9   4346 | 62.7   19.5   17.8    2.4   39.7  100.0 |  0.265 |
0.5 0.9 0.5 grph-plp-grph-tandem sys1
| Sum/Avg            |    9   4346 | 62.6   19.4   18.1    2.3   39.8  100.0 |  0.266 |
0.6 0.2 0.5 grph-plp-grph-tandem sys1
| Sum/Avg            |    9   4346 | 64.2   20.8   15.0    3.0   38.8  100.0 |  0.264 |
0.6 0.4 0.5 grph-plp-grph-tandem sys1
| Sum/Avg            |    9   4346 | 63.1   19.2   17.6    2.6   39.4  100.0 |  0.262 |
0.6 0.7 0.5 grph-plp-grph-tandem sys1
| Sum/Avg            |    9   4346 | 62.9   18.8   18.3    2.4   39.5  100.0 |  0.261 |
0.6 0.9 0.5 grph-plp-grph-tandem sys1
| Sum/Avg            |    9   4346 | 62.9   18.8   18.3    2.4   39.5  100.0 |  0.261 |
0.8 0.2 0.5 grph-plp-grph-tandem sys1
| Sum/Avg            |    9   4346 | 64.2   19.7   16.0    2.7   38.4  100.0 |  0.254 |
0.8 0.4 0.5 grph-plp-grph-tandem sys1
| Sum/Avg            |    9   4346 | 63.3   18.9   17.8    2.4   39.1  100.0 |  0.259 |
0.8 0.7 0.5 grph-plp-grph-tandem sys1
| Sum/Avg            |    9   4346 | 63.1   18.6   18.3    2.3   39.3  100.0 |  0.260 |
0.8 0.9 0.5 grph-plp-grph-tandem sys1
| Sum/Avg            |    9   4346 | 63.1   18.6   18.3    2.3   39.3  100.0 |  0.260 |
0.3 0.2 0.5 grph-plp-hybrid sys1
| Sum/Avg            |    9   4346 | 62.9   21.3   15.8    2.9   40.0  100.0 |  0.280 |
0.3 0.4 0.5 grph-plp-hybrid sys1
| Sum/Avg            |    9   4346 | 62.9   21.3   15.8    2.9   40.0  100.0 |  0.278 |
0.3 0.7 0.5 grph-plp-hybrid sys1
| Sum/Avg            |    9   4346 | 62.8   21.3   15.9    2.8   40.0  100.0 |  0.278 |
0.3 0.9 0.5 grph-plp-hybrid sys1
| Sum/Avg            |    9   4346 | 62.7   21.0   16.3    2.8   40.1  100.0 |  0.276 |
0.5 0.2 0.5 grph-plp-hybrid sys1
| Sum/Avg            |    9   4346 | 63.0   21.1   15.8    2.9   39.9  100.0 |  0.281 |
0.5 0.4 0.5 grph-plp-hybrid sys1
| Sum/Avg            |    9   4346 | 62.8   20.2   17.0    2.7   39.9  100.0 |  0.271 |
0.5 0.7 0.5 grph-plp-hybrid sys1
| Sum/Avg            |    9   4346 | 62.5   19.7   17.8    2.6   40.1  100.0 |  0.270 |
0.5 0.9 0.5 grph-plp-hybrid sys1
| Sum/Avg            |    9   4346 | 62.4   19.6   18.0    2.6   40.2  100.0 |  0.270 |
0.6 0.2 0.5 grph-plp-hybrid sys1
| Sum/Avg            |    9   4346 | 64.2   20.3   15.5    3.0   38.8  100.0 |  0.247 |
0.6 0.4 0.5 grph-plp-hybrid sys1
| Sum/Avg            |    9   4346 | 63.4   19.3   17.4    2.6   39.2  100.0 |  0.248 |
0.6 0.7 0.5 grph-plp-hybrid sys1
| Sum/Avg            |    9   4346 | 63.1   18.8   18.1    2.5   39.4  100.0 |  0.244 |
0.6 0.9 0.5 grph-plp-hybrid sys1
| Sum/Avg            |    9   4346 | 63.1   18.8   18.1    2.5   39.4  100.0 |  0.244 |
0.8 0.2 0.5 grph-plp-hybrid sys1
| Sum/Avg            |    9   4346 | 64.3   19.9   15.8    2.9   38.6  100.0 |  0.250 |
0.8 0.4 0.5 grph-plp-hybrid sys1
| Sum/Avg            |    9   4346 | 63.3   19.0   17.6    2.6   39.3  100.0 |  0.253 |
0.8 0.7 0.5 grph-plp-hybrid sys1
| Sum/Avg            |    9   4346 | 63.1   18.8   18.1    2.6   39.5  100.0 |  0.254 |
0.8 0.9 0.5 grph-plp-hybrid sys1
| Sum/Avg            |    9   4346 | 63.1   18.8   18.1    2.6   39.5  100.0 |  0.254 |
0.3 0.2 0.5 grph-plp-grph-hybrid sys1
| Sum/Avg            |    9   4346 | 63.2   21.5   15.3    2.9   39.7  100.0 |  0.272 |
0.3 0.4 0.5 grph-plp-grph-hybrid sys1
| Sum/Avg            |    9   4346 | 63.2   21.5   15.3    2.9   39.7  100.0 |  0.272 |
0.3 0.7 0.5 grph-plp-grph-hybrid sys1
| Sum/Avg            |    9   4346 | 63.2   21.4   15.4    2.9   39.7  100.0 |  0.272 |
0.3 0.9 0.5 grph-plp-grph-hybrid sys1
| Sum/Avg            |    9   4346 | 63.2   21.1   15.8    2.7   39.6  100.0 |  0.267 |
0.5 0.2 0.5 grph-plp-grph-hybrid sys1
| Sum/Avg            |    9   4346 | 64.8   22.2   13.1    3.5   38.8  100.0 |  0.276 |
0.5 0.4 0.5 grph-plp-grph-hybrid sys1
| Sum/Avg            |    9   4346 | 63.1   19.9   16.9    2.6   39.4  100.0 |  0.273 |
0.5 0.7 0.5 grph-plp-grph-hybrid sys1
| Sum/Avg            |    9   4346 | 62.5   19.0   18.5    2.4   39.9  100.0 |  0.272 |
0.5 0.9 0.5 grph-plp-grph-hybrid sys1
| Sum/Avg            |    9   4346 | 62.3   18.7   19.0    2.4   40.1  100.0 |  0.271 |
0.6 0.2 0.5 grph-plp-grph-hybrid sys1
| Sum/Avg            |    9   4346 | 64.7   21.7   13.6    3.4   38.7  100.0 |  0.280 |
0.6 0.4 0.5 grph-plp-grph-hybrid sys1
| Sum/Avg            |    9   4346 | 63.2   19.1   17.7    2.5   39.3  100.0 |  0.270 |
0.6 0.7 0.5 grph-plp-grph-hybrid sys1
| Sum/Avg            |    9   4346 | 62.4   18.5   19.1    2.3   40.0  100.0 |  0.274 |
0.6 0.9 0.5 grph-plp-grph-hybrid sys1
| Sum/Avg            |    9   4346 | 62.4   18.5   19.1    2.3   40.0  100.0 |  0.274 |
0.8 0.2 0.5 grph-plp-grph-hybrid sys1
| Sum/Avg            |    9   4346 | 64.6   20.9   14.5    2.9   38.3  100.0 |  0.271 |
0.8 0.4 0.5 grph-plp-grph-hybrid sys1
| Sum/Avg            |    9   4346 | 63.3   19.0   17.8    2.4   39.2  100.0 |  0.272 |
0.8 0.7 0.5 grph-plp-grph-hybrid sys1
| Sum/Avg            |    9   4346 | 62.4   18.6   19.0    2.3   40.0  100.0 |  0.277 |
0.8 0.9 0.5 grph-plp-grph-hybrid sys1
| Sum/Avg            |    9   4346 | 62.3   18.6   19.1    2.3   40.0  100.0 |  0.277 |
0.3 0.2 0.5 tandem-plp sys1
| Sum/Avg            |    9   4346 | 62.7   22.5   14.8    2.9   40.2  100.0 |  0.256 |
0.3 0.4 0.5 tandem-plp sys1
| Sum/Avg            |    9   4346 | 62.7   22.5   14.8    2.9   40.2  100.0 |  0.257 |
0.3 0.7 0.5 tandem-plp sys1
| Sum/Avg            |    9   4346 | 62.7   22.3   15.0    2.9   40.2  100.0 |  0.255 |
0.3 0.9 0.5 tandem-plp sys1
| Sum/Avg            |    9   4346 | 62.7   22.2   15.2    2.8   40.2  100.0 |  0.254 |
0.5 0.2 0.5 tandem-plp sys1
| Sum/Avg            |    9   4346 | 63.6   22.6   13.8    3.2   39.6  100.0 |  0.259 |
0.5 0.4 0.5 tandem-plp sys1
| Sum/Avg            |    9   4346 | 63.0   21.2   15.8    2.8   39.8  100.0 |  0.254 |
0.5 0.7 0.5 tandem-plp sys1
| Sum/Avg            |    9   4346 | 62.3   20.2   17.4    2.5   40.2  100.0 |  0.255 |
0.5 0.9 0.5 tandem-plp sys1
| Sum/Avg            |    9   4346 | 61.8   19.5   18.7    2.3   40.5  100.0 |  0.252 |
0.6 0.2 0.5 tandem-plp sys1
| Sum/Avg            |    9   4346 | 64.1   22.2   13.7    3.2   39.1  100.0 |  0.266 |
0.6 0.4 0.5 tandem-plp sys1
| Sum/Avg            |    9   4346 | 62.8   20.2   17.0    2.6   39.8  100.0 |  0.261 |
0.6 0.7 0.5 tandem-plp sys1
| Sum/Avg            |    9   4346 | 61.9   18.8   19.2    2.3   40.3  100.0 |  0.257 |
0.6 0.9 0.5 tandem-plp sys1
| Sum/Avg            |    9   4346 | 61.9   18.8   19.2    2.3   40.3  100.0 |  0.257 |
0.8 0.2 0.5 tandem-plp sys1
| Sum/Avg            |    9   4346 | 64.3   20.5   15.2    3.2   38.9  100.0 |  0.257 |
0.8 0.4 0.5 tandem-plp sys1
| Sum/Avg            |    9   4346 | 62.9   18.7   18.4    2.4   39.6  100.0 |  0.254 |
0.8 0.7 0.5 tandem-plp sys1
| Sum/Avg            |    9   4346 | 62.4   18.4   19.3    2.4   40.0  100.0 |  0.254 |
0.8 0.9 0.5 tandem-plp sys1
| Sum/Avg            |    9   4346 | 63.1   18.9   18.0    2.6   39.6  100.0 |  0.258 |
0.3 0.2 0.5 tandem-grph-plp sys1
| Sum/Avg            |    9   4346 | 62.2   21.8   15.9    2.9   40.6  100.0 |  0.252 |
0.3 0.4 0.5 tandem-grph-plp sys1
| Sum/Avg            |    9   4346 | 62.1   21.8   16.1    2.9   40.7  100.0 |  0.254 |
0.3 0.7 0.5 tandem-grph-plp sys1
| Sum/Avg            |    9   4346 | 62.1   21.7   16.2    2.8   40.7  100.0 |  0.254 |
0.3 0.9 0.5 tandem-grph-plp sys1
| Sum/Avg            |    9   4346 | 62.2   21.1   16.7    2.8   40.7  100.0 |  0.262 |
0.5 0.2 0.5 tandem-grph-plp sys1
| Sum/Avg            |    9   4346 | 64.0   23.4   12.6    3.5   39.6  100.0 |  0.285 |
0.5 0.4 0.5 tandem-grph-plp sys1
| Sum/Avg            |    9   4346 | 63.1   20.6   16.3    2.9   39.8  100.0 |  0.270 |
0.5 0.7 0.5 tandem-grph-plp sys1
| Sum/Avg            |    9   4346 | 62.6   19.7   17.7    2.6   40.0  100.0 |  0.268 |
0.5 0.9 0.5 tandem-grph-plp sys1
| Sum/Avg            |    9   4346 | 62.7   20.3   17.0    2.8   40.1  100.0 |  0.283 |
0.6 0.2 0.5 tandem-grph-plp sys1
| Sum/Avg            |    9   4346 | 64.4   21.9   13.7    3.2   38.8  100.0 |  0.284 |
0.6 0.4 0.5 tandem-grph-plp sys1
| Sum/Avg            |    9   4346 | 63.6   19.7   16.7    2.6   39.0  100.0 |  0.270 |
0.6 0.7 0.5 tandem-grph-plp sys1
| Sum/Avg            |    9   4346 | 62.7   18.4   19.0    2.4   39.7  100.0 |  0.266 |
0.6 0.9 0.5 tandem-grph-plp sys1
| Sum/Avg            |    9   4346 | 62.7   18.4   19.0    2.4   39.7  100.0 |  0.266 |
0.8 0.2 0.5 tandem-grph-plp sys1
| Sum/Avg            |    9   4346 | 65.6   21.6   12.8    3.5   37.9  100.0 |  0.265 |
0.8 0.4 0.5 tandem-grph-plp sys1
| Sum/Avg            |    9   4346 | 64.0   18.8   17.1    2.5   38.4  100.0 |  0.252 |
0.8 0.7 0.5 tandem-grph-plp sys1
| Sum/Avg            |    9   4346 | 63.2   18.0   18.8    2.4   39.2  100.0 |  0.255 |
0.8 0.9 0.5 tandem-grph-plp sys1
| Sum/Avg            |    9   4346 | 63.1   18.0   18.9    2.4   39.3  100.0 |  0.255 |
0.3 0.2 0.5 tandem-tandem sys1
| Sum/Avg            |    9   4346 | 64.6   23.2   12.2    3.5   39.0  100.0 |  0.232 |
0.3 0.4 0.5 tandem-tandem sys1
| Sum/Avg            |    9   4346 | 64.5   23.2   12.3    3.5   39.0  100.0 |  0.232 |
0.3 0.7 0.5 tandem-tandem sys1
| Sum/Avg            |    9   4346 | 64.6   23.1   12.4    3.5   38.9  100.0 |  0.231 |
0.3 0.9 0.5 tandem-tandem sys1
| Sum/Avg            |    9   4346 | 64.5   22.8   12.7    3.4   38.9  100.0 |  0.228 |
0.5 0.2 0.5 tandem-tandem sys1
| Sum/Avg            |    9   4346 | 65.1   23.3   11.6    3.7   38.6  100.0 |  0.228 |
0.5 0.4 0.5 tandem-tandem sys1
| Sum/Avg            |    9   4346 | 64.7   21.7   13.6    3.2   38.5  100.0 |  0.217 |
0.5 0.7 0.5 tandem-tandem sys1
| Sum/Avg            |    9   4346 | 64.2   21.0   14.8    2.9   38.6  100.0 |  0.222 |
0.5 0.9 0.5 tandem-tandem sys1
| Sum/Avg            |    9   4346 | 63.9   20.1   16.0    2.7   38.8  100.0 |  0.217 |
0.6 0.2 0.5 tandem-tandem sys1
| Sum/Avg            |    9   4346 | 65.5   22.6   12.0    3.8   38.3  100.0 |  0.242 |
0.6 0.4 0.5 tandem-tandem sys1
| Sum/Avg            |    9   4346 | 64.9   20.8   14.4    3.0   38.2  100.0 |  0.233 |
0.6 0.7 0.5 tandem-tandem sys1
| Sum/Avg            |    9   4346 | 64.0   19.2   16.8    2.5   38.5  100.0 |  0.227 |
0.6 0.9 0.5 tandem-tandem sys1
| Sum/Avg            |    9   4346 | 64.0   19.2   16.8    2.5   38.5  100.0 |  0.227 |
0.8 0.2 0.5 tandem-tandem sys1
| Sum/Avg            |    9   4346 | 65.9   21.1   13.0    3.5   37.6  100.0 |  0.233 |
0.8 0.4 0.5 tandem-tandem sys1
| Sum/Avg            |    9   4346 | 64.7   18.9   16.4    2.7   38.0  100.0 |  0.223 |
0.8 0.7 0.5 tandem-tandem sys1
| Sum/Avg            |    9   4346 | 64.4   18.7   16.9    2.6   38.2  100.0 |  0.223 |
0.8 0.9 0.5 tandem-tandem sys1
| Sum/Avg            |    9   4346 | 64.2   18.9   16.9    2.6   38.4  100.0 |  0.228 |
0.3 0.2 0.5 tandem-grph-tandem sys1
| Sum/Avg            |    9   4346 | 64.8   22.1   13.1    3.5   38.7  100.0 |  0.231 |
0.3 0.4 0.5 tandem-grph-tandem sys1
| Sum/Avg            |    9   4346 | 64.8   22.1   13.1    3.4   38.6  100.0 |  0.231 |
0.3 0.7 0.5 tandem-grph-tandem sys1
| Sum/Avg            |    9   4346 | 64.7   21.9   13.4    3.4   38.7  100.0 |  0.231 |
0.3 0.9 0.5 tandem-grph-tandem sys1
| Sum/Avg            |    9   4346 | 64.6   21.0   14.4    3.1   38.5  100.0 |  0.232 |
0.5 0.2 0.5 tandem-grph-tandem sys1
| Sum/Avg            |    9   4346 | 65.7   22.0   12.3    3.7   38.0  100.0 |  0.256 |
0.5 0.4 0.5 tandem-grph-tandem sys1
| Sum/Avg            |    9   4346 | 65.0   19.9   15.1    2.9   37.8  100.0 |  0.242 |
0.5 0.7 0.5 tandem-grph-tandem sys1
| Sum/Avg            |    9   4346 | 64.1   18.5   17.4    2.7   38.7  100.0 |  0.241 |
0.5 0.9 0.5 tandem-grph-tandem sys1
| Sum/Avg            |    9   4346 | 65.0   20.5   14.4    3.1   38.0  100.0 |  0.259 |
0.6 0.2 0.5 tandem-grph-tandem sys1
| Sum/Avg            |    9   4346 | 66.0   21.3   12.7    3.5   37.5  100.0 |  0.258 |
0.6 0.4 0.5 tandem-grph-tandem sys1
| Sum/Avg            |    9   4346 | 64.2   17.8   18.1    2.6   38.4  100.0 |  0.240 |
0.6 0.7 0.5 tandem-grph-tandem sys1
| Sum/Avg            |    9   4346 | 63.9   17.7   18.4    2.6   38.6  100.0 |  0.241 |
0.6 0.9 0.5 tandem-grph-tandem sys1
| Sum/Avg            |    9   4346 | 65.5   20.1   14.5    3.1   37.6  100.0 |  0.254 |
0.8 0.2 0.5 tandem-grph-tandem sys1
| Sum/Avg            |    9   4346 | 64.7   18.8   16.5    2.7   38.0  100.0 |  0.251 |
0.8 0.4 0.5 tandem-grph-tandem sys1
| Sum/Avg            |    9   4346 | 64.0   18.3   17.7    2.5   38.5  100.0 |  0.252 |
0.8 0.7 0.5 tandem-grph-tandem sys1
| Sum/Avg            |    9   4346 | 63.7   18.1   18.2    2.5   38.7  100.0 |  0.253 |
0.8 0.9 0.5 tandem-grph-tandem sys1
| Sum/Avg            |    9   4346 | 64.4   19.3   16.3    2.7   38.3  100.0 |  0.257 |
0.3 0.2 0.5 tandem-hybrid sys1
| Sum/Avg            |    9   4346 | 65.3   20.5   14.3    3.3   38.0  100.0 |  0.218 |
0.3 0.4 0.5 tandem-hybrid sys1
| Sum/Avg            |    9   4346 | 65.1   20.4   14.5    3.2   38.2  100.0 |  0.222 |
0.3 0.7 0.5 tandem-hybrid sys1
| Sum/Avg            |    9   4346 | 65.1   20.3   14.7    3.2   38.2  100.0 |  0.220 |
0.3 0.9 0.5 tandem-hybrid sys1
| Sum/Avg            |    9   4346 | 64.7   19.7   15.6    3.1   38.4  100.0 |  0.211 |
0.5 0.2 0.5 tandem-hybrid sys1
| Sum/Avg            |    9   4346 | 66.0   21.2   12.8    3.5   37.5  100.0 |  0.227 |
0.5 0.4 0.5 tandem-hybrid sys1
| Sum/Avg            |    9   4346 | 65.1   19.6   15.3    3.1   38.0  100.0 |  0.225 |
0.5 0.7 0.5 tandem-hybrid sys1
| Sum/Avg            |    9   4346 | 64.7   19.4   16.0    3.0   38.4  100.0 |  0.237 |
0.5 0.9 0.5 tandem-hybrid sys1
| Sum/Avg            |    9   4346 | 64.9   19.5   15.6    3.1   38.2  100.0 |  0.237 |
0.6 0.2 0.5 tandem-hybrid sys1
| Sum/Avg            |    9   4346 | 65.8   20.6   13.6    3.5   37.6  100.0 |  0.243 |
0.6 0.4 0.5 tandem-hybrid sys1
| Sum/Avg            |    9   4346 | 64.7   18.4   16.8    2.7   37.9  100.0 |  0.234 |
0.6 0.7 0.5 tandem-hybrid sys1
| Sum/Avg            |    9   4346 | 64.1   18.2   17.7    2.6   38.5  100.0 |  0.237 |
0.6 0.9 0.5 tandem-hybrid sys1
| Sum/Avg            |    9   4346 | 64.9   19.5   15.6    3.1   38.2  100.0 |  0.242 |
0.8 0.2 0.5 tandem-hybrid sys1
| Sum/Avg            |    9   4346 | 64.9   19.4   15.7    2.8   37.9  100.0 |  0.245 |
0.8 0.4 0.5 tandem-hybrid sys1
| Sum/Avg            |    9   4346 | 64.7   18.8   16.5    2.7   38.0  100.0 |  0.241 |
0.8 0.7 0.5 tandem-hybrid sys1
| Sum/Avg            |    9   4346 | 64.1   18.5   17.4    2.6   38.5  100.0 |  0.244 |
0.8 0.9 0.5 tandem-hybrid sys1
| Sum/Avg            |    9   4346 | 63.9   19.0   17.1    2.7   38.8  100.0 |  0.254 |
0.3 0.2 0.5 tandem-grph-hybrid sys1
| Sum/Avg            |    9   4346 | 65.4   21.0   13.6    3.2   37.9  100.0 |  0.209 |
0.3 0.4 0.5 tandem-grph-hybrid sys1
| Sum/Avg            |    9   4346 | 65.3   21.0   13.7    3.2   37.9  100.0 |  0.209 |
0.3 0.7 0.5 tandem-grph-hybrid sys1
| Sum/Avg            |    9   4346 | 65.0   20.1   15.0    3.0   38.0  100.0 |  0.229 |
0.3 0.9 0.5 tandem-grph-hybrid sys1
| Sum/Avg            |    9   4346 | 65.0   20.0   15.0    3.0   38.0  100.0 |  0.229 |
0.5 0.2 0.5 tandem-grph-hybrid sys1
| Sum/Avg            |    9   4346 | 65.2   20.6   14.2    3.0   37.9  100.0 |  0.244 |
0.5 0.4 0.5 tandem-grph-hybrid sys1
| Sum/Avg            |    9   4346 | 64.2   18.7   17.2    2.5   38.4  100.0 |  0.232 |
0.5 0.7 0.5 tandem-grph-hybrid sys1
| Sum/Avg            |    9   4346 | 64.0   18.5   17.5    2.4   38.4  100.0 |  0.231 |
0.5 0.9 0.5 tandem-grph-hybrid sys1
| Sum/Avg            |    9   4346 | 65.2   19.9   14.9    3.0   37.8  100.0 |  0.243 |
0.6 0.2 0.5 tandem-grph-hybrid sys1
| Sum/Avg            |    9   4346 | 64.2   19.2   16.6    2.6   38.4  100.0 |  0.246 |
0.6 0.4 0.5 tandem-grph-hybrid sys1
| Sum/Avg            |    9   4346 | 63.6   18.0   18.5    2.4   38.8  100.0 |  0.240 |
0.6 0.7 0.5 tandem-grph-hybrid sys1
| Sum/Avg            |    9   4346 | 65.3   19.9   14.8    3.0   37.7  100.0 |  0.243 |
0.6 0.9 0.5 tandem-grph-hybrid sys1
| Sum/Avg            |    9   4346 | 65.0   19.6   15.5    2.7   37.8  100.0 |  0.240 |
0.8 0.2 0.5 tandem-grph-hybrid sys1
| Sum/Avg            |    9   4346 | 63.3   18.9   17.7    2.6   39.2  100.0 |  0.260 |
0.8 0.4 0.5 tandem-grph-hybrid sys1
| Sum/Avg            |    9   4346 | 63.2   18.6   18.2    2.6   39.4  100.0 |  0.260 |
0.8 0.7 0.5 tandem-grph-hybrid sys1
| Sum/Avg            |    9   4346 | 64.2   19.4   16.4    2.5   38.3  100.0 |  0.256 |
0.8 0.9 0.5 tandem-grph-hybrid sys1
| Sum/Avg            |    9   4346 | 63.5   18.7   17.8    2.3   38.7  100.0 |  0.259 |
0.3 0.2 0.5 grph-tandem-plp sys1
| Sum/Avg            |    9   4346 | 61.8   22.3   15.9    2.9   41.1  100.0 |  0.276 |
0.3 0.4 0.5 grph-tandem-plp sys1
| Sum/Avg            |    9   4346 | 61.7   22.0   16.3    2.7   41.1  100.0 |  0.274 |
0.3 0.7 0.5 grph-tandem-plp sys1
| Sum/Avg            |    9   4346 | 61.6   21.8   16.6    2.7   41.1  100.0 |  0.269 |
0.3 0.9 0.5 grph-tandem-plp sys1
| Sum/Avg            |    9   4346 | 61.6   21.8   16.6    2.7   41.1  100.0 |  0.269 |
0.5 0.2 0.5 grph-tandem-plp sys1
| Sum/Avg            |    9   4346 | 62.0   20.6   17.3    2.4   40.4  100.0 |  0.258 |
0.5 0.4 0.5 grph-tandem-plp sys1
| Sum/Avg            |    9   4346 | 61.4   19.5   19.1    2.3   40.9  100.0 |  0.258 |
0.5 0.7 0.5 grph-tandem-plp sys1
| Sum/Avg            |    9   4346 | 62.3   21.2   16.5    2.7   40.5  100.0 |  0.282 |
0.5 0.9 0.5 grph-tandem-plp sys1
| Sum/Avg            |    9   4346 | 61.8   20.6   17.5    2.6   40.8  100.0 |  0.279 |
0.6 0.2 0.5 grph-tandem-plp sys1
| Sum/Avg            |    9   4346 | 62.1   19.6   18.3    2.4   40.4  100.0 |  0.259 |
0.6 0.4 0.5 grph-tandem-plp sys1
| Sum/Avg            |    9   4346 | 61.8   19.0   19.2    2.5   40.6  100.0 |  0.265 |
0.6 0.7 0.5 grph-tandem-plp sys1
| Sum/Avg            |    9   4346 | 63.0   20.4   16.6    2.7   39.8  100.0 |  0.267 |
0.6 0.9 0.5 grph-tandem-plp sys1
| Sum/Avg            |    9   4346 | 62.4   19.2   18.3    2.4   40.0  100.0 |  0.255 |
0.8 0.2 0.5 grph-tandem-plp sys1
| Sum/Avg            |    9   4346 | 62.3   19.1   18.6    2.3   40.1  100.0 |  0.265 |
0.8 0.4 0.5 grph-tandem-plp sys1
| Sum/Avg            |    9   4346 | 61.9   18.6   19.5    2.3   40.4  100.0 |  0.264 |
0.8 0.7 0.5 grph-tandem-plp sys1
| Sum/Avg            |    9   4346 | 62.9   18.4   18.7    2.4   39.5  100.0 |  0.246 |
0.8 0.9 0.5 grph-tandem-plp sys1
| Sum/Avg            |    9   4346 | 62.6   17.9   19.5    2.3   39.8  100.0 |  0.246 |
0.3 0.2 0.5 grph-tandem-grph-plp sys1
| Sum/Avg            |    9   4346 | 61.5   21.9   16.6    3.0   41.4  100.0 |  0.260 |
0.3 0.4 0.5 grph-tandem-grph-plp sys1
| Sum/Avg            |    9   4346 | 61.3   21.8   16.9    2.7   41.4  100.0 |  0.261 |
0.3 0.7 0.5 grph-tandem-grph-plp sys1
| Sum/Avg            |    9   4346 | 61.5   21.3   17.2    2.8   41.3  100.0 |  0.274 |
0.3 0.9 0.5 grph-tandem-grph-plp sys1
| Sum/Avg            |    9   4346 | 61.5   21.3   17.3    2.8   41.3  100.0 |  0.274 |
0.5 0.2 0.5 grph-tandem-grph-plp sys1
| Sum/Avg            |    9   4346 | 63.0   20.9   16.1    2.8   39.8  100.0 |  0.271 |
0.5 0.4 0.5 grph-tandem-grph-plp sys1
| Sum/Avg            |    9   4346 | 61.9   19.6   18.5    2.4   40.5  100.0 |  0.275 |
0.5 0.7 0.5 grph-tandem-grph-plp sys1
| Sum/Avg            |    9   4346 | 62.3   20.6   17.1    2.8   40.5  100.0 |  0.288 |
0.5 0.9 0.5 grph-tandem-grph-plp sys1
| Sum/Avg            |    9   4346 | 62.0   20.2   17.7    2.6   40.6  100.0 |  0.291 |
0.6 0.2 0.5 grph-tandem-grph-plp sys1
| Sum/Avg            |    9   4346 | 63.3   19.6   17.1    2.6   39.3  100.0 |  0.267 |
0.6 0.4 0.5 grph-tandem-grph-plp sys1
| Sum/Avg            |    9   4346 | 62.7   18.5   18.8    2.4   39.7  100.0 |  0.267 |
0.6 0.7 0.5 grph-tandem-grph-plp sys1
| Sum/Avg            |    9   4346 | 63.0   19.8   17.3    2.9   39.9  100.0 |  0.275 |
0.6 0.9 0.5 grph-tandem-grph-plp sys1
| Sum/Avg            |    9   4346 | 62.6   18.9   18.5    2.6   40.0  100.0 |  0.268 |
0.8 0.2 0.5 grph-tandem-grph-plp sys1
| Sum/Avg            |    9   4346 | 64.0   18.9   17.1    2.4   38.5  100.0 |  0.252 |
0.8 0.4 0.5 grph-tandem-grph-plp sys1
| Sum/Avg            |    9   4346 | 63.5   18.2   18.2    2.3   38.7  100.0 |  0.249 |
0.8 0.7 0.5 grph-tandem-grph-plp sys1
| Sum/Avg            |    9   4346 | 62.5   18.6   18.9    2.3   39.9  100.0 |  0.267 |
0.8 0.9 0.5 grph-tandem-grph-plp sys1
| Sum/Avg            |    9   4346 | 62.2   18.2   19.7    2.3   40.1  100.0 |  0.268 |
0.3 0.2 0.5 grph-tandem-tandem sys1
| Sum/Avg            |    9   4346 | 64.3   22.3   13.4    3.2   38.9  100.0 |  0.263 |
0.3 0.4 0.5 grph-tandem-tandem sys1
| Sum/Avg            |    9   4346 | 64.1   22.1   13.8    3.1   39.0  100.0 |  0.262 |
0.3 0.7 0.5 grph-tandem-tandem sys1
| Sum/Avg            |    9   4346 | 64.0   21.7   14.3    3.1   39.1  100.0 |  0.236 |
0.3 0.9 0.5 grph-tandem-tandem sys1
| Sum/Avg            |    9   4346 | 64.0   21.7   14.3    3.1   39.1  100.0 |  0.236 |
0.5 0.2 0.5 grph-tandem-tandem sys1
| Sum/Avg            |    9   4346 | 64.0   20.8   15.2    3.1   39.0  100.0 |  0.236 |
0.5 0.4 0.5 grph-tandem-tandem sys1
| Sum/Avg            |    9   4346 | 63.6   19.8   16.6    2.8   39.2  100.0 |  0.230 |
0.5 0.7 0.5 grph-tandem-tandem sys1
| Sum/Avg            |    9   4346 | 64.3   21.4   14.3    3.1   38.8  100.0 |  0.253 |
0.5 0.9 0.5 grph-tandem-tandem sys1
| Sum/Avg            |    9   4346 | 64.2   20.9   14.9    3.0   38.8  100.0 |  0.250 |
0.6 0.2 0.5 grph-tandem-tandem sys1
| Sum/Avg            |    9   4346 | 64.1   19.6   16.4    3.0   38.9  100.0 |  0.236 |
0.6 0.4 0.5 grph-tandem-tandem sys1
| Sum/Avg            |    9   4346 | 63.8   19.0   17.2    2.7   38.9  100.0 |  0.231 |
0.6 0.7 0.5 grph-tandem-tandem sys1
| Sum/Avg            |    9   4346 | 64.8   20.8   14.5    3.1   38.3  100.0 |  0.243 |
0.6 0.9 0.5 grph-tandem-tandem sys1
| Sum/Avg            |    9   4346 | 64.5   19.7   15.8    2.8   38.4  100.0 |  0.236 |
0.8 0.2 0.5 grph-tandem-tandem sys1
| Sum/Avg            |    9   4346 | 63.8   19.3   16.8    2.7   38.9  100.0 |  0.247 |
0.8 0.4 0.5 grph-tandem-tandem sys1
| Sum/Avg            |    9   4346 | 64.1   19.8   16.1    2.7   38.6  100.0 |  0.257 |
0.8 0.7 0.5 grph-tandem-tandem sys1
| Sum/Avg            |    9   4346 | 63.5   19.2   17.3    2.4   38.9  100.0 |  0.260 |
0.8 0.9 0.5 grph-tandem-tandem sys1
| Sum/Avg            |    9   4346 | 63.2   19.0   17.8    2.3   39.2  100.0 |  0.261 |
0.3 0.2 0.5 grph-tandem-grph-tandem sys1
| Sum/Avg            |    9   4346 | 63.6   22.3   14.0    3.2   39.6  100.0 |  0.243 |
0.3 0.4 0.5 grph-tandem-grph-tandem sys1
| Sum/Avg            |    9   4346 | 63.7   22.0   14.3    3.2   39.5  100.0 |  0.252 |
0.3 0.7 0.5 grph-tandem-grph-tandem sys1
| Sum/Avg            |    9   4346 | 63.1   21.3   15.6    3.0   39.9  100.0 |  0.251 |
0.3 0.9 0.5 grph-tandem-grph-tandem sys1
| Sum/Avg            |    9   4346 | 63.1   21.3   15.6    3.0   39.9  100.0 |  0.252 |
0.5 0.2 0.5 grph-tandem-grph-tandem sys1
| Sum/Avg            |    9   4346 | 63.9   20.7   15.4    2.9   39.0  100.0 |  0.263 |
0.5 0.4 0.5 grph-tandem-grph-tandem sys1
| Sum/Avg            |    9   4346 | 64.1   21.4   14.5    3.1   39.0  100.0 |  0.276 |
0.5 0.7 0.5 grph-tandem-grph-tandem sys1
| Sum/Avg            |    9   4346 | 63.6   20.6   15.8    3.0   39.4  100.0 |  0.277 |
0.5 0.9 0.5 grph-tandem-grph-tandem sys1
| Sum/Avg            |    9   4346 | 63.1   19.6   17.3    2.7   39.6  100.0 |  0.270 |
0.6 0.2 0.5 grph-tandem-grph-tandem sys1
| Sum/Avg            |    9   4346 | 63.7   19.6   16.7    2.7   38.9  100.0 |  0.262 |
0.6 0.4 0.5 grph-tandem-grph-tandem sys1
| Sum/Avg            |    9   4346 | 64.6   20.4   15.0    3.1   38.5  100.0 |  0.268 |
0.6 0.7 0.5 grph-tandem-grph-tandem sys1
| Sum/Avg            |    9   4346 | 64.1   19.3   16.6    2.9   38.7  100.0 |  0.260 |
0.6 0.9 0.5 grph-tandem-grph-tandem sys1
| Sum/Avg            |    9   4346 | 62.9   18.0   19.1    2.5   39.6  100.0 |  0.256 |
0.8 0.2 0.5 grph-tandem-grph-tandem sys1
| Sum/Avg            |    9   4346 | 63.8   18.2   18.0    2.5   38.7  100.0 |  0.241 |
0.8 0.4 0.5 grph-tandem-grph-tandem sys1
| Sum/Avg            |    9   4346 | 64.3   19.3   16.5    2.8   38.5  100.0 |  0.260 |
0.8 0.7 0.5 grph-tandem-grph-tandem sys1
| Sum/Avg            |    9   4346 | 63.4   18.5   18.1    2.5   39.1  100.0 |  0.263 |
0.8 0.9 0.5 grph-tandem-grph-tandem sys1
| Sum/Avg            |    9   4346 | 62.8   18.0   19.2    2.4   39.6  100.0 |  0.268 |
0.3 0.2 0.5 grph-tandem-hybrid sys1
| Sum/Avg            |    9   4346 | 63.7   20.4   15.9    2.9   39.1  100.0 |  0.257 |
0.3 0.4 0.5 grph-tandem-hybrid sys1
| Sum/Avg            |    9   4346 | 63.8   20.4   15.8    2.9   39.1  100.0 |  0.245 |
0.3 0.7 0.5 grph-tandem-hybrid sys1
| Sum/Avg            |    9   4346 | 63.7   20.2   16.1    2.9   39.1  100.0 |  0.246 |
0.3 0.9 0.5 grph-tandem-hybrid sys1
| Sum/Avg            |    9   4346 | 63.7   20.1   16.2    2.9   39.1  100.0 |  0.247 |
0.5 0.2 0.5 grph-tandem-hybrid sys1
| Sum/Avg            |    9   4346 | 64.0   19.7   16.3    2.9   38.8  100.0 |  0.256 |
0.5 0.4 0.5 grph-tandem-hybrid sys1
| Sum/Avg            |    9   4346 | 64.5   20.2   15.3    3.0   38.5  100.0 |  0.258 |
0.5 0.7 0.5 grph-tandem-hybrid sys1
| Sum/Avg            |    9   4346 | 63.8   19.6   16.7    2.7   38.9  100.0 |  0.258 |
0.5 0.9 0.5 grph-tandem-hybrid sys1
| Sum/Avg            |    9   4346 | 63.5   18.9   17.6    2.5   39.0  100.0 |  0.256 |
0.6 0.2 0.5 grph-tandem-hybrid sys1
| Sum/Avg            |    9   4346 | 64.4   18.9   16.7    2.7   38.3  100.0 |  0.246 |
0.6 0.4 0.5 grph-tandem-hybrid sys1
| Sum/Avg            |    9   4346 | 65.0   19.8   15.3    2.9   37.9  100.0 |  0.247 |
0.6 0.7 0.5 grph-tandem-hybrid sys1
| Sum/Avg            |    9   4346 | 63.6   17.9   18.5    2.4   38.8  100.0 |  0.241 |
0.6 0.9 0.5 grph-tandem-hybrid sys1
| Sum/Avg            |    9   4346 | 63.5   17.9   18.7    2.3   38.9  100.0 |  0.241 |
0.8 0.2 0.5 grph-tandem-hybrid sys1
| Sum/Avg            |    9   4346 | 64.5   18.9   16.5    2.7   38.2  100.0 |  0.240 |
0.8 0.4 0.5 grph-tandem-hybrid sys1
| Sum/Avg            |    9   4346 | 64.0   18.8   17.1    2.6   38.5  100.0 |  0.260 |
0.8 0.7 0.5 grph-tandem-hybrid sys1
| Sum/Avg            |    9   4346 | 63.0   18.2   18.8    2.3   39.3  100.0 |  0.267 |
0.8 0.9 0.5 grph-tandem-hybrid sys1
| Sum/Avg            |    9   4346 | 62.8   18.1   19.1    2.3   39.5  100.0 |  0.267 |
0.3 0.2 0.5 grph-tandem-grph-hybrid sys1
| Sum/Avg            |    9   4346 | 64.2   21.1   14.7    2.9   38.7  100.0 |  0.229 |
0.3 0.4 0.5 grph-tandem-grph-hybrid sys1
| Sum/Avg            |    9   4346 | 64.2   21.1   14.7    2.9   38.7  100.0 |  0.228 |
0.3 0.7 0.5 grph-tandem-grph-hybrid sys1
| Sum/Avg            |    9   4346 | 64.2   21.1   14.7    2.9   38.7  100.0 |  0.228 |
0.3 0.9 0.5 grph-tandem-grph-hybrid sys1
| Sum/Avg            |    9   4346 | 64.2   21.1   14.7    2.9   38.7  100.0 |  0.228 |
0.5 0.2 0.5 grph-tandem-grph-hybrid sys1
| Sum/Avg            |    9   4346 | 64.2   19.7   16.1    2.7   38.5  100.0 |  0.221 |
0.5 0.4 0.5 grph-tandem-grph-hybrid sys1
| Sum/Avg            |    9   4346 | 64.2   19.7   16.2    2.7   38.5  100.0 |  0.220 |
0.5 0.7 0.5 grph-tandem-grph-hybrid sys1
| Sum/Avg            |    9   4346 | 64.2   19.7   16.2    2.7   38.5  100.0 |  0.220 |
0.5 0.9 0.5 grph-tandem-grph-hybrid sys1
| Sum/Avg            |    9   4346 | 64.2   19.7   16.2    2.7   38.5  100.0 |  0.220 |
0.6 0.2 0.5 grph-tandem-grph-hybrid sys1
| Sum/Avg            |    9   4346 | 64.3   19.1   16.5    2.6   38.3  100.0 |  0.211 |
0.6 0.4 0.5 grph-tandem-grph-hybrid sys1
| Sum/Avg            |    9   4346 | 64.3   19.1   16.6    2.6   38.3  100.0 |  0.211 |
0.6 0.7 0.5 grph-tandem-grph-hybrid sys1
| Sum/Avg            |    9   4346 | 64.3   19.1   16.6    2.6   38.3  100.0 |  0.211 |
0.6 0.9 0.5 grph-tandem-grph-hybrid sys1
| Sum/Avg            |    9   4346 | 64.3   19.1   16.6    2.6   38.3  100.0 |  0.211 |
0.8 0.2 0.5 grph-tandem-grph-hybrid sys1
| Sum/Avg            |    9   4346 | 63.8   18.8   17.3    2.5   38.7  100.0 |  0.220 |
0.8 0.4 0.5 grph-tandem-grph-hybrid sys1
| Sum/Avg            |    9   4346 | 63.8   18.8   17.4    2.5   38.7  100.0 |  0.219 |
0.8 0.7 0.5 grph-tandem-grph-hybrid sys1
| Sum/Avg            |    9   4346 | 63.8   18.8   17.4    2.5   38.7  100.0 |  0.219 |
0.8 0.9 0.5 grph-tandem-grph-hybrid sys1
| Sum/Avg            |    9   4346 | 63.8   18.8   17.4    2.5   38.7  100.0 |  0.219 |
