--------------------------------------------------
grph-plp
| Sum/Avg | 9 4346 | 56.9 27.3 15.8 2.3 45.4 100.0 | -0.056 |
--------------------------------------------------
tandem
| Sum/Avg | 9 4346 | 57.2 27.2 15.7 2.2 45.0 100.0 | -0.058 |
--------------------------------------------------
grph-tandem
| Sum/Avg | 9 4346 | 57.2 27.2 15.6 2.2 45.0 100.0 | -0.058 |
--------------------------------------------------
hybrid
| Sum/Avg | 9 4346 | 57.1 27.3 15.6 2.3 45.2 100.0 | -0.057 |
--------------------------------------------------
grph-hybrid
| Sum/Avg | 9 4346 | 56.9 27.3 15.7 2.3 45.3 100.0 | -0.056 |
--------------------------------------------------
plp plp
| Sum/Avg | 9 4346 | 60.3 24.6 15.1 2.7 42.4 100.0 | -0.093 |
--------------------------------------------------
plp grph-plp
| Sum/Avg | 9 4346 | 60.8 23.3 15.9 2.6 41.8 100.0 | -0.113 |
--------------------------------------------------
plp tandem
| Sum/Avg | 9 4346 | 63.5 23.5 13.0 3.1 39.6 100.0 | -0.119 |
--------------------------------------------------
plp grph-tandem
| Sum/Avg | 9 4346 | 63.7 22.6 13.7 2.9 39.2 100.0 | -0.134 |
--------------------------------------------------
plp hybrid
| Sum/Avg | 9 4346 | 64.1 21.9 14.0 3.0 38.9 100.0 | -0.145 |
--------------------------------------------------
plp grph-hybrid
| Sum/Avg | 9 4346 | 64.3 21.5 14.2 3.1 38.8 100.0 | -0.150 |
--------------------------------------------------
grph-plp plp
| Sum/Avg | 9 4346 | 61.1 23.7 15.2 2.7 41.6 100.0 | -0.106 |
--------------------------------------------------
grph-plp grph-plp
| Sum/Avg | 9 4346 | 59.6 24.0 16.4 2.5 42.9 100.0 | -0.099 |
--------------------------------------------------
grph-plp tandem
| Sum/Avg | 9 4346 | 63.4 22.7 13.9 3.0 39.6 100.0 | -0.129 |
--------------------------------------------------
grph-plp grph-tandem
| Sum/Avg | 9 4346 | 63.1 22.6 14.2 2.7 39.6 100.0 | -0.132 |
--------------------------------------------------
grph-plp hybrid
| Sum/Avg | 9 4346 | 63.0 22.0 14.9 2.8 39.7 100.0 | -0.140 |
--------------------------------------------------
grph-plp grph-hybrid
| Sum/Avg | 9 4346 | 63.3 21.7 15.0 2.8 39.5 100.0 | -0.146 |
--------------------------------------------------
tandem plp
| Sum/Avg | 9 4346 | 62.9 23.3 13.8 2.9 40.0 100.0 | -0.120 |
--------------------------------------------------
tandem grph-plp
| Sum/Avg | 9 4346 | 62.9 22.2 14.9 2.9 40.0 100.0 | -0.135 |
--------------------------------------------------
tandem tandem
| Sum/Avg | 9 4346 | 63.5 24.7 11.8 3.6 40.1 100.0 | -0.101 |
--------------------------------------------------
tandem grph-tandem
| Sum/Avg | 9 4346 | 64.9 23.0 12.1 3.2 38.3 100.0 | -0.132 |
--------------------------------------------------
tandem hybrid
| Sum/Avg | 9 4346 | 64.8 21.4 13.8 3.3 38.5 100.0 | -0.152 |
--------------------------------------------------
tandem grph-hybrid
| Sum/Avg | 9 4346 | 65.5 21.4 13.1 3.2 37.6 100.0 | -0.160 |
--------------------------------------------------
grph-tandem plp
| Sum/Avg | 9 4346 | 62.4 22.7 14.9 2.9 40.5 100.0 | -0.125 |
--------------------------------------------------
grph-tandem grph-plp
| Sum/Avg | 9 4346 | 61.4 22.9 15.8 2.9 41.6 100.0 | -0.117 |
--------------------------------------------------
grph-tandem tandem
| Sum/Avg | 9 4346 | 64.5 22.8 12.7 3.3 38.8 100.0 | -0.131 |
--------------------------------------------------
grph-tandem grph-tandem
| Sum/Avg | 9 4346 | 63.3 23.9 12.8 3.2 40.0 100.0 | -0.112 |
--------------------------------------------------
grph-tandem hybrid
| Sum/Avg | 9 4346 | 64.5 21.0 14.6 3.2 38.7 100.0 | -0.157 |
--------------------------------------------------
grph-tandem grph-hybrid
| Sum/Avg | 9 4346 | 64.5 21.6 14.0 3.2 38.7 100.0 | -0.149 |
